GRAPH IS : 
0 0 0 0 0 0 0 0 0 0 0 0 0 0 0 0 0 0 0 0 0 0 0 0 0 0 0 0 0 0 0 0 0 0 0 0 0 0 0 0 0 0 0 0 0 0 0 0 0 0 0 0 0 0 0 0 0 0 0 0 0 0 0 0 0 0 0 0 0 0 0 0 0 0 0 0 0 0 0 0 0 0 0 0 0 0 0 0 0 0 0 0 0 0 0 0 0 0 0 0 0 0 0 0 0 0 0 0 0 0 0 0 0 0 0 0 0 0 0 0 0 0 0 0 0 0 0 0 
0 0 0 0 0 0 0 0 1 0 0 0 1 0 0 0 1 0 0 1 0 0 0 1 0 0 0 1 1 0 0 1 1 1 0 0 0 1 0 1 0 0 0 1 1 0 0 1 0 0 0 0 0 0 0 1 0 1 0 0 0 0 1 0 1 1 0 1 1 0 1 0 1 1 1 0 1 0 1 1 1 0 0 0 0 0 0 0 1 0 1 1 1 0 0 0 0 1 1 0 1 0 1 1 0 1 0 0 1 1 1 0 0 0 1 0 0 1 0 1 1 0 1 0 0 1 0 0 
0 0 0 0 0 0 1 1 1 0 1 0 0 1 1 0 0 0 0 1 1 0 1 1 1 1 0 1 1 0 1 0 0 0 0 0 1 0 1 0 0 1 0 1 0 1 1 0 0 0 0 0 1 1 0 0 1 0 1 0 1 1 1 0 1 0 1 1 1 1 1 1 0 1 0 1 1 0 0 0 0 0 1 1 1 0 1 0 1 1 0 1 1 1 1 1 1 0 0 1 1 1 0 0 0 0 1 1 1 0 1 1 0 1 1 1 1 0 1 0 0 0 1 1 0 0 1 1 
0 0 0 0 1 1 0 0 0 1 0 1 1 0 0 1 1 1 1 0 0 1 0 0 0 0 1 0 0 1 0 0 1 1 1 1 0 1 0 0 1 0 1 0 0 0 0 0 1 1 1 0 0 0 1 0 0 0 0 1 0 0 0 1 0 0 0 0 0 0 0 0 0 0 0 0 0 1 0 0 0 1 0 0 0 1 0 1 0 0 0 0 0 0 0 0 0 0 0 0 0 0 0 0 1 0 0 0 0 0 0 0 0 0 0 0 0 0 0 0 0 1 0 0 1 0 0 0 
0 0 0 1 0 1 0 0 0 1 0 1 0 0 0 1 0 1 1 0 0 1 0 0 0 0 1 0 0 1 0 0 0 0 0 0 0 0 0 0 1 0 1 0 0 0 0 0 1 1 1 0 0 0 1 0 0 0 0 1 0 0 0 1 0 0 0 0 0 0 0 0 0 0 0 0 0 1 0 0 0 1 0 0 0 1 0 1 0 0 0 0 0 0 0 0 0 0 0 0 0 0 0 0 1 0 0 0 0 0 0 0 1 0 0 0 0 0 0 0 0 0 0 0 1 0 0 0 
0 0 0 1 1 0 0 0 0 1 0 1 1 0 0 1 1 0 1 0 0 1 0 0 0 0 1 0 0 1 0 0 1 1 0 1 0 1 0 0 1 0 1 0 0 0 0 1 1 1 1 0 0 0 1 0 0 0 0 1 0 0 0 1 0 0 0 0 0 0 0 0 0 0 1 0 0 1 0 0 0 1 0 0 0 1 0 1 0 0 0 0 0 0 0 0 0 0 0 0 0 0 1 0 1 0 0 0 0 0 0 0 1 0 0 0 0 1 0 0 0 1 0 0 1 0 0 0 
0 0 1 0 0 0 0 0 1 0 1 0 0 1 0 0 0 0 0 0 1 0 0 1 1 0 0 1 1 0 1 0 0 0 0 0 0 0 1 0 0 1 0 0 0 1 0 0 0 0 0 0 1 1 0 1 1 1 0 0 1 0 1 0 1 0 1 1 1 1 1 1 0 0 0 1 1 0 0 0 0 0 0 0 1 0 0 0 1 1 0 1 1 1 0 1 1 0 1 0 0 0 0 1 0 0 1 1 1 0 1 1 0 1 0 1 1 0 0 0 0 0 1 1 0 0 1 1 
0 0 1 0 0 0 0 0 1 0 1 0 0 0 1 0 0 0 0 1 1 0 1 0 1 1 0 1 1 0 1 0 0 0 0 0 1 0 1 1 0 1 0 1 0 1 1 0 0 0 0 1 1 1 0 0 0 0 1 0 0 1 1 0 1 1 1 0 1 1 0 0 0 1 1 1 1 0 1 1 0 0 1 1 0 0 1 0 1 0 1 1 1 1 1 0 0 1 0 1 1 1 1 0 0 1 0 1 1 0 1 1 0 1 1 1 1 1 1 0 0 0 1 1 0 1 1 1 
0 1 1 0 0 0 1 1 0 0 1 0 0 1 1 0 1 0 0 1 1 0 0 0 1 1 0 1 1 0 1 0 0 1 0 0 1 0 1 1 0 1 0 1 0 1 1 0 0 0 0 1 1 1 0 1 0 1 1 0 0 1 1 0 1 1 1 1 1 1 1 1 0 1 1 1 1 0 1 1 1 0 1 1 1 0 1 0 1 1 1 1 1 1 1 0 1 1 1 1 1 1 1 1 0 1 0 1 1 1 1 1 0 1 1 1 1 1 1 0 0 0 1 1 0 1 1 1 
0 0 0 1 1 1 0 0 0 0 0 1 0 0 0 1 0 1 1 0 0 1 0 0 0 0 1 0 0 1 0 0 0 0 0 0 0 0 0 0 1 0 1 0 0 0 0 0 1 1 1 0 0 0 1 0 0 0 0 1 0 0 0 1 0 0 0 0 0 0 0 0 0 0 0 0 0 1 0 0 0 1 0 0 0 1 0 1 0 0 0 0 0 0 0 0 0 0 0 0 0 0 0 0 1 0 0 0 0 0 0 0 1 0 0 0 0 0 0 0 0 0 0 0 1 0 0 0 
0 0 1 0 0 0 1 1 1 0 0 0 0 1 1 0 0 0 0 1 1 0 1 1 1 1 0 1 1 0 1 0 0 0 0 0 1 0 1 0 0 1 0 1 0 1 1 0 0 0 0 0 1 1 0 0 1 0 1 0 1 1 1 0 1 0 1 0 1 1 1 1 0 1 0 1 1 0 0 0 0 0 1 1 1 0 1 0 1 1 0 1 1 1 1 0 1 0 0 1 1 0 0 0 0 0 0 1 0 0 1 1 0 1 1 1 1 0 1 0 0 0 1 1 0 0 1 1 
0 0 0 1 1 1 0 0 0 1 0 0 0 0 0 0 0 1 1 0 0 1 0 0 0 0 1 0 0 0 0 0 0 0 0 1 0 0 0 0 1 0 1 0 0 0 0 0 0 1 1 0 0 0 0 0 0 0 0 1 0 0 0 1 0 0 0 0 0 0 0 0 0 0 0 0 0 0 0 0 0 1 0 0 0 1 0 0 0 0 0 0 0 0 0 0 0 0 0 0 0 0 0 0 1 0 0 0 0 0 0 0 0 0 0 0 0 0 0 0 0 0 0 0 1 0 0 0 
0 1 0 1 0 1 0 0 0 0 0 0 0 0 0 0 1 0 0 0 0 0 0 0 0 0 0 1 0 1 0 1 1 1 0 1 0 1 0 1 0 0 0 0 1 0 0 1 1 0 0 0 0 0 0 1 0 1 0 0 0 0 0 0 0 0 0 1 0 0 0 0 1 0 1 0 0 0 1 1 1 0 0 0 0 0 0 1 0 0 1 0 0 0 0 0 0 1 1 0 0 0 1 1 0 1 0 0 1 1 1 0 1 0 1 0 0 1 0 1 1 1 0 0 0 1 0 0 
0 0 1 0 0 0 1 0 1 0 1 0 0 0 0 0 0 0 0 0 1 0 0 1 1 1 0 1 1 0 1 0 0 0 0 0 0 0 1 0 0 1 0 0 0 1 0 0 0 0 0 0 1 1 0 1 1 1 1 0 1 1 1 0 1 0 1 1 1 1 1 1 0 0 0 1 1 0 0 0 0 0 1 0 1 0 1 0 1 1 0 1 1 1 1 1 1 0 0 0 0 0 0 1 0 0 1 1 1 0 0 1 0 1 0 1 1 0 0 0 0 0 1 1 0 0 1 1 
0 0 1 0 0 0 0 1 1 0 1 0 0 0 0 0 0 0 0 1 1 0 0 0 1 1 0 1 1 0 1 0 0 0 0 0 0 0 1 1 0 0 0 1 0 1 1 0 0 0 0 1 1 1 0 0 0 0 1 0 0 0 1 0 0 1 1 0 1 1 0 0 0 1 1 1 1 0 1 1 0 0 1 1 0 0 1 0 1 0 1 1 1 1 1 0 0 1 0 1 1 1 0 0 0 1 0 1 1 0 1 0 0 1 1 1 1 1 1 0 0 0 0 1 0 1 1 1 
0 0 0 1 1 1 0 0 0 1 0 0 0 0 0 0 0 0 1 0 0 1 0 0 0 0 1 0 0 1 0 0 0 0 0 0 0 1 0 0 1 0 0 0 0 0 0 0 1 1 0 0 0 0 1 0 0 0 0 1 0 0 0 0 0 0 0 0 0 0 0 0 0 0 0 0 0 1 0 0 0 0 0 0 0 0 0 0 0 0 0 0 0 0 0 0 0 0 0 0 0 0 0 0 1 0 0 0 0 0 0 0 1 0 0 0 0 0 0 0 0 0 0 0 1 0 0 0 
0 1 0 1 0 1 0 0 1 0 0 0 1 0 0 0 0 0 0 1 0 0 0 0 0 0 0 1 0 0 0 1 1 1 1 1 0 1 0 1 0 0 0 1 1 0 0 1 1 0 0 1 0 0 0 0 0 0 0 0 0 0 0 0 0 1 0 0 0 0 0 0 0 1 1 0 0 0 1 1 1 0 0 0 0 0 0 1 0 0 1 0 0 0 0 0 0 1 1 0 1 1 1 0 0 1 0 0 1 1 1 0 0 0 1 0 0 1 0 0 1 1 0 0 0 1 0 0 
0 0 0 1 1 0 0 0 0 1 0 1 0 0 0 0 0 0 0 0 0 1 0 0 0 0 0 0 0 0 0 0 0 0 0 0 0 0 0 0 0 0 1 0 0 0 0 0 0 1 1 0 0 0 0 0 0 0 0 1 0 0 0 1 0 0 0 0 0 0 0 0 0 0 0 0 0 0 0 0 0 1 0 0 0 1 0 0 0 0 0 0 0 0 0 0 0 0 0 0 0 0 0 0 1 0 0 0 0 0 0 0 0 0 0 0 0 0 0 0 0 0 0 0 0 0 0 0 
0 0 0 1 1 1 0 0 0 1 0 1 0 0 0 1 0 0 0 0 0 1 0 0 0 0 1 0 0 1 0 0 0 0 0 0 0 0 0 0 1 0 1 0 0 0 0 0 1 1 1 0 0 0 1 0 0 0 0 1 0 0 0 1 0 0 0 0 0 0 0 0 0 0 0 0 0 1 0 0 0 1 0 0 0 1 0 1 0 0 0 0 0 0 0 0 0 0 0 0 0 0 0 0 1 0 0 0 0 0 0 0 1 0 0 0 0 0 0 0 0 0 0 0 1 0 0 0 
0 1 1 0 0 0 0 1 1 0 1 0 0 0 1 0 1 0 0 0 1 0 0 0 0 0 0 1 1 0 1 0 0 1 1 0 0 0 0 1 0 0 0 1 0 1 0 0 0 0 0 1 1 0 0 0 0 0 1 0 0 0 1 0 1 1 1 1 1 1 0 0 0 1 1 1 1 0 1 1 1 0 0 1 0 0 0 0 1 0 1 1 1 0 1 0 0 1 0 1 1 1 1 0 0 1 0 1 1 1 1 0 0 1 1 1 0 1 0 0 0 1 1 1 0 1 1 0 
0 0 1 0 0 0 1 1 1 0 1 0 0 1 1 0 0 0 0 1 0 0 1 0 1 1 0 1 1 0 1 0 0 0 0 0 1 0 1 1 0 1 0 1 0 1 1 0 0 0 0 0 1 1 0 0 0 0 1 0 0 1 1 0 1 0 1 0 1 1 0 1 0 1 0 1 1 0 0 0 0 0 1 1 1 0 1 0 1 1 0 1 1 1 1 0 1 0 0 1 1 1 0 0 0 0 0 1 0 0 1 1 0 1 1 1 1 0 1 0 0 0 1 1 0 0 1 1 
0 0 0 1 1 1 0 0 0 1 0 1 0 0 0 1 0 1 1 0 0 0 0 0 0 0 1 0 0 1 0 0 0 0 0 0 0 0 0 0 1 0 1 0 0 0 0 0 1 1 1 0 0 0 1 0 0 0 0 1 0 0 0 1 0 0 0 0 0 0 0 0 0 0 0 0 0 1 0 0 0 1 0 0 0 1 0 1 0 0 0 0 0 0 0 0 0 0 0 0 0 0 0 0 1 0 0 0 0 0 0 0 1 0 0 0 0 0 0 0 0 0 0 0 1 0 0 0 
0 0 1 0 0 0 0 1 0 0 1 0 0 0 0 0 0 0 0 0 1 0 0 0 1 1 0 0 1 0 1 0 0 0 0 0 1 0 1 0 0 1 0 0 0 1 1 0 0 0 0 0 1 1 0 0 0 0 1 0 0 1 1 0 0 0 1 0 1 1 0 0 0 0 0 1 0 0 0 0 0 0 1 1 1 0 1 0 0 0 0 1 1 1 1 0 0 0 0 1 0 0 0 0 0 0 0 1 0 0 0 1 0 1 0 1 1 0 1 0 0 0 0 1 0 0 1 1 
0 1 1 0 0 0 1 0 0 0 1 0 0 1 0 0 0 0 0 0 0 0 0 0 1 0 0 1 1 0 0 0 0 0 0 0 0 0 0 0 0 1 0 0 1 1 0 0 0 0 0 0 1 0 0 1 1 1 0 0 1 0 1 0 1 0 1 1 1 0 1 1 1 0 0 1 1 0 0 0 0 0 0 0 1 0 0 0 1 1 0 1 1 1 0 1 1 0 1 0 0 0 0 1 0 0 1 1 1 1 1 1 0 1 0 0 0 0 0 1 0 0 1 1 0 0 1 1 
0 0 1 0 0 0 1 1 1 0 1 0 0 1 1 0 0 0 0 0 1 0 1 1 0 1 0 1 1 0 1 0 0 0 0 0 1 0 1 0 0 1 0 1 0 1 1 0 0 0 0 0 1 1 0 0 0 0 1 0 1 1 1 0 1 0 1 0 1 1 1 1 0 1 0 1 1 0 0 0 0 0 1 1 1 0 1 0 1 1 0 1 1 1 1 0 1 0 0 1 1 0 0 0 0 0 0 1 0 0 0 1 0 1 0 1 1 0 1 0 0 0 1 1 0 0 1 1 
0 0 1 0 0 0 0 1 1 0 1 0 0 1 1 0 0 0 0 0 1 0 1 0 1 0 0 1 1 0 1 0 0 0 0 0 1 0 1 0 0 1 0 1 0 1 1 0 0 0 0 0 1 1 0 0 0 0 1 0 0 1 1 0 0 0 1 0 1 1 0 1 0 1 0 1 1 0 0 0 0 0 1 1 1 0 1 0 1 0 0 1 1 1 1 0 1 0 0 1 1 0 0 0 0 0 0 1 0 0 0 1 0 1 0 1 1 0 1 0 0 0 0 1 0 0 1 1 
0 0 0 1 1 1 0 0 0 1 0 1 0 0 0 1 0 0 1 0 0 1 0 0 0 0 0 0 0 1 0 0 0 0 0 0 0 0 0 0 1 0 1 0 0 0 0 0 1 1 1 0 0 0 1 0 0 0 0 1 0 0 0 1 0 0 0 0 0 0 0 0 0 0 0 0 0 1 0 0 0 1 0 0 0 1 0 1 0 0 0 0 0 0 0 0 0 0 0 0 0 0 0 0 1 0 0 0 0 0 0 0 1 0 0 0 0 0 0 0 0 0 0 0 1 0 0 0 
0 1 1 0 0 0 1 1 1 0 1 0 1 1 1 0 1 0 0 1 1 0 0 1 1 1 0 0 1 0 1 1 1 1 0 0 0 0 1 1 0 1 0 1 1 1 1 0 0 0 0 0 1 1 0 1 0 1 1 0 1 0 1 0 1 1 1 1 1 1 1 1 1 1 1 1 1 0 1 1 1 0 0 1 1 0 0 0 1 1 1 1 1 1 1 0 1 1 1 1 1 1 1 1 0 1 0 1 1 1 1 1 0 1 1 1 1 1 0 1 1 0 1 1 0 1 1 1 
0 1 1 0 0 0 1 1 1 0 1 0 0 1 1 0 0 0 0 1 1 0 1 1 1 1 0 1 0 0 1 0 0 0 0 0 1 0 1 1 0 1 0 1 0 1 1 0 0 0 0 0 1 1 0 1 0 0 1 0 0 1 1 0 1 1 1 1 1 1 1 1 0 1 1 1 1 0 1 1 1 0 1 1 1 0 1 0 1 1 1 1 1 1 1 0 1 1 0 1 1 1 1 0 0 1 0 1 1 1 1 1 0 1 1 1 1 1 1 0 0 0 1 1 0 1 1 1 
0 0 0 1 1 1 0 0 0 1 0 0 1 0 0 1 0 0 1 0 0 1 0 0 0 0 1 0 0 0 0 0 1 0 0 0 0 1 0 0 1 0 0 0 0 0 0 1 1 1 0 0 0 0 1 0 0 0 0 1 0 0 0 0 0 0 0 0 0 0 0 0 0 0 0 0 0 1 0 0 0 0 0 0 0 0 0 1 0 0 0 0 0 0 0 0 0 0 0 0 0 0 0 0 1 0 0 0 0 0 0 0 1 0 0 0 0 0 0 0 0 0 0 0 1 0 0 0 
0 0 1 0 0 0 1 1 1 0 1 0 0 1 1 0 0 0 0 1 1 0 1 0 1 1 0 1 1 0 0 0 0 0 0 0 1 0 1 0 0 1 0 1 0 1 1 0 0 0 0 0 1 1 0 0 0 0 1 0 1 1 1 0 1 0 1 0 1 1 1 1 0 1 0 1 1 0 0 0 0 0 1 1 1 0 1 0 1 1 0 1 1 1 1 0 1 0 0 1 1 0 0 0 0 0 0 1 0 0 0 1 0 1 1 1 1 0 1 0 0 0 1 1 0 0 1 1 
0 1 0 0 0 0 0 0 0 0 0 0 1 0 0 0 1 0 0 0 0 0 0 0 0 0 0 1 0 0 0 0 1 1 0 0 0 1 0 1 0 0 0 1 1 0 0 1 0 0 0 0 0 0 0 1 0 1 0 0 0 0 0 0 1 0 0 1 0 0 1 0 1 0 1 0 1 0 1 1 1 0 0 0 0 0 0 0 1 0 1 0 0 0 0 0 0 1 1 0 0 0 1 1 0 1 0 0 1 1 1 0 1 0 1 0 0 1 0 1 1 0 1 0 0 1 0 0 
0 1 0 1 0 1 0 0 0 0 0 0 1 0 0 0 1 0 0 0 0 0 0 0 0 0 0 1 0 1 0 1 0 1 0 1 0 1 0 1 0 0 0 0 1 0 0 1 1 0 0 0 0 0 0 1 0 1 0 0 0 0 0 0 0 1 0 0 0 0 0 0 1 0 1 0 0 0 0 1 1 0 0 0 0 0 0 1 0 0 1 0 0 0 0 0 0 1 1 0 0 0 1 1 0 1 0 0 1 1 1 0 1 0 1 0 0 1 0 0 1 1 0 0 0 0 0 0 
0 1 0 1 0 1 0 0 1 0 0 0 1 0 0 0 1 0 0 1 0 0 0 0 0 0 0 1 0 0 0 1 1 0 1 1 0 1 0 1 0 0 0 1 1 0 0 1 1 0 0 1 0 0 0 1 0 1 0 0 0 0 1 0 0 1 0 0 0 0 0 0 1 1 1 0 1 0 1 1 1 0 0 0 0 0 0 1 1 0 1 1 0 0 0 0 0 1 1 0 1 1 1 1 0 1 0 0 1 1 1 0 1 0 1 0 0 1 0 0 1 1 0 0 0 1 0 0 
0 0 0 1 0 0 0 0 0 0 0 0 0 0 0 0 1 0 0 1 0 0 0 0 0 0 0 0 0 0 0 0 0 1 0 1 0 0 0 1 0 0 0 0 0 0 0 0 0 0 1 1 0 0 0 0 0 0 0 0 0 0 0 1 0 1 0 0 0 0 0 0 0 1 1 0 0 0 1 0 0 1 0 0 0 0 0 1 0 0 0 0 0 0 0 0 0 1 0 0 0 1 0 0 0 1 0 0 0 0 0 0 0 0 1 0 0 1 0 0 0 1 0 0 0 1 0 0 
0 0 0 1 0 1 0 0 0 0 0 1 1 0 0 0 1 0 0 0 0 0 0 0 0 0 0 0 0 0 0 0 1 1 1 0 0 1 0 1 0 0 1 0 0 0 0 1 1 0 1 1 0 0 0 0 0 0 0 0 0 0 0 1 0 1 0 0 0 0 0 0 0 0 1 0 0 0 1 1 1 1 0 0 0 0 0 1 0 0 1 0 0 0 0 0 0 1 0 0 0 0 1 0 0 1 0 0 0 0 0 0 0 0 1 0 0 1 0 0 0 1 0 0 0 1 0 0 
0 0 1 0 0 0 0 1 1 0 1 0 0 0 0 0 0 0 0 0 1 0 1 0 1 1 0 0 1 0 1 0 0 0 0 0 0 0 1 0 0 1 0 0 0 1 1 0 0 0 0 0 1 1 0 0 0 0 1 0 0 1 1 0 0 0 1 0 1 1 0 0 0 0 0 1 0 0 0 0 0 0 1 1 1 0 1 0 1 0 0 1 1 1 1 0 1 0 0 1 0 0 0 0 0 0 0 1 0 0 0 1 0 1 0 1 1 0 1 0 0 0 0 1 0 0 1 1 
0 1 0 1 0 1 0 0 0 0 0 0 1 0 0 1 1 0 0 0 0 0 0 0 0 0 0 0 0 1 0 1 1 1 0 1 0 0 0 0 0 0 0 0 1 0 0 1 1 0 0 0 0 0 1 1 0 1 0 0 0 0 0 0 0 0 0 0 0 0 0 0 1 0 1 0 0 1 0 1 1 0 0 0 0 0 0 1 0 0 1 0 0 0 0 0 0 0 1 0 0 0 1 1 0 1 0 0 1 1 1 0 1 0 0 0 0 1 0 1 1 0 0 0 0 0 0 0 
0 0 1 0 0 0 1 1 1 0 1 0 0 1 1 0 0 0 0 0 1 0 1 0 1 1 0 1 1 0 1 0 0 0 0 0 1 0 0 0 0 1 0 1 0 1 1 0 0 0 0 0 1 1 0 0 0 0 1 0 1 1 1 0 0 0 1 0 1 1 0 1 0 0 0 1 1 0 0 0 0 0 1 1 1 0 1 0 1 1 0 1 1 1 1 0 1 0 0 1 1 0 0 0 0 0 0 1 0 0 0 1 0 1 0 1 1 0 1 0 0 0 1 1 0 0 1 1 
0 1 0 0 0 0 0 1 1 0 0 0 1 0 1 0 1 0 0 1 1 0 0 0 0 0 0 1 1 0 0 1 1 1 1 1 0 0 0 0 0 0 0 1 0 1 0 0 0 0 0 1 1 0 0 1 0 1 0 0 0 0 1 0 1 1 1 0 1 1 0 0 0 1 1 0 1 0 1 1 1 0 0 1 0 0 0 0 1 0 1 1 1 0 1 0 0 1 1 1 1 1 1 1 0 1 0 1 1 1 1 0 0 1 1 1 0 1 0 0 0 1 1 1 0 1 1 0 
0 0 0 1 1 1 0 0 0 1 0 1 0 0 0 1 0 0 1 0 0 1 0 0 0 0 1 0 0 1 0 0 0 0 0 0 0 0 0 0 0 0 1 0 0 0 0 0 1 1 0 0 0 0 1 0 0 0 0 1 0 0 0 0 0 0 0 0 0 0 0 0 0 0 0 0 0 1 0 0 0 1 0 0 0 1 0 0 0 0 0 0 0 0 0 0 0 0 0 0 0 0 0 0 1 0 0 0 0 0 0 0 1 0 0 0 0 0 0 0 0 0 0 0 1 0 0 0 
0 0 1 0 0 0 1 1 1 0 1 0 0 1 0 0 0 0 0 0 1 0 1 1 1 1 0 1 1 0 1 0 0 0 0 0 1 0 1 0 0 0 0 1 0 1 1 0 0 0 0 0 1 1 0 0 1 0 1 0 1 1 1 0 0 0 1 0 1 1 1 1 0 0 0 1 1 0 0 0 0 0 1 1 1 0 1 0 1 1 0 1 1 1 1 0 1 0 0 1 0 0 0 0 0 0 0 1 0 0 0 1 0 1 0 1 1 0 1 0 0 0 1 1 0 0 1 1 
0 0 0 1 1 1 0 0 0 1 0 1 0 0 0 0 0 1 1 0 0 1 0 0 0 0 1 0 0 0 0 0 0 0 0 1 0 0 0 0 1 0 0 0 0 0 0 0 1 1 1 0 0 0 0 0 0 0 0 1 0 0 0 1 0 0 0 0 0 0 0 0 0 0 0 0 0 0 0 0 0 1 0 0 0 1 0 1 0 0 0 0 0 0 0 0 0 0 0 0 0 0 0 0 1 0 0 0 0 0 0 0 0 0 0 0 0 0 0 0 0 0 0 0 1 0 0 0 
0 1 1 0 0 0 0 1 1 0 1 0 0 0 1 0 1 0 0 1 1 0 0 0 1 1 0 1 1 0 1 1 0 1 0 0 0 0 1 1 0 1 0 0 0 1 1 0 0 0 0 1 1 1 0 1 0 1 1 0 0 0 1 0 1 1 1 1 1 1 1 1 0 1 1 1 1 0 1 1 1 0 1 1 0 0 1 0 1 0 1 1 1 1 1 0 1 1 1 1 1 1 1 1 0 1 0 1 1 1 1 1 0 1 1 1 1 1 1 0 0 0 1 1 0 1 1 1 
0 1 0 0 0 0 0 0 0 0 0 0 1 0 0 0 1 0 0 0 0 0 0 1 0 0 0 1 0 0 0 1 1 1 0 0 0 1 0 0 0 0 0 0 0 0 0 1 0 0 0 0 0 0 0 1 0 1 0 0 0 0 0 0 1 0 0 1 0 0 1 1 1 0 1 0 1 0 0 1 1 0 0 0 0 0 0 0 1 1 1 0 0 0 0 0 0 0 1 0 0 0 1 1 0 1 0 0 1 1 1 0 1 0 1 0 0 1 0 1 1 0 1 0 0 0 0 0 
0 0 1 0 0 0 1 1 1 0 1 0 0 1 1 0 0 0 0 1 1 0 1 1 1 1 0 1 1 0 1 0 0 0 0 0 1 0 1 1 0 1 0 1 0 0 1 0 0 0 0 0 1 1 0 0 0 0 1 0 1 1 1 0 1 0 1 0 1 1 1 1 0 1 1 1 1 0 1 1 0 0 1 1 1 0 1 0 1 1 1 1 1 1 1 0 1 0 0 1 1 1 0 0 0 0 0 1 1 0 1 1 0 1 1 1 1 0 1 0 0 0 1 1 0 1 1 1 
0 0 1 0 0 0 0 1 1 0 1 0 0 0 1 0 0 0 0 0 1 0 1 0 1 1 0 1 1 0 1 0 0 0 0 0 1 0 1 0 0 1 0 1 0 1 0 0 0 0 0 0 1 1 0 0 0 0 1 0 0 1 1 0 0 0 1 0 1 1 0 0 0 1 0 1 1 0 0 0 0 0 1 1 1 0 1 0 1 0 0 1 1 1 1 0 1 0 0 1 1 0 0 0 0 0 0 1 0 0 0 1 0 1 0 1 1 0 1 0 0 0 0 1 0 0 1 1 
0 1 0 0 0 1 0 0 0 0 0 0 1 0 0 0 1 0 0 0 0 0 0 0 0 0 0 0 0 1 0 1 1 1 0 1 0 1 0 0 0 0 0 0 1 0 0 0 1 0 0 0 0 0 1 1 0 1 0 0 0 0 0 0 0 0 0 1 0 0 0 0 1 0 1 0 0 1 0 1 1 0 0 0 0 0 0 1 0 0 1 0 0 0 0 0 0 0 1 0 0 0 1 1 0 0 0 0 1 1 1 0 1 0 0 0 0 1 0 1 1 0 0 0 0 0 0 0 
0 0 0 1 1 1 0 0 0 1 0 0 1 0 0 1 1 0 1 0 0 1 0 0 0 0 1 0 0 1 0 0 1 1 0 1 0 1 0 0 1 0 1 0 0 0 0 1 0 1 0 0 0 0 1 0 0 0 0 0 0 0 0 1 0 0 0 0 0 0 0 0 0 0 0 0 0 1 0 0 0 1 0 0 0 0 0 1 0 0 0 0 0 0 0 0 0 0 0 0 0 0 0 0 1 0 0 0 0 0 0 0 1 0 0 0 0 0 0 0 0 0 0 0 1 0 0 0 
0 0 0 1 1 1 0 0 0 1 0 1 0 0 0 1 0 1 1 0 0 1 0 0 0 0 1 0 0 1 0 0 0 0 0 0 0 0 0 0 1 0 1 0 0 0 0 0 1 0 1 0 0 0 1 0 0 0 0 1 0 0 0 1 0 0 0 0 0 0 0 0 0 0 0 0 0 1 0 0 0 1 0 0 0 1 0 0 0 0 0 0 0 0 0 0 0 0 0 0 0 0 0 0 1 0 0 0 0 0 0 0 0 0 0 0 0 0 0 0 0 0 0 0 1 0 0 0 
0 0 0 1 1 1 0 0 0 1 0 1 0 0 0 0 0 1 1 0 0 1 0 0 0 0 1 0 0 0 0 0 0 0 1 1 0 0 0 0 0 0 1 0 0 0 0 0 0 1 0 0 0 0 0 0 0 0 0 1 0 0 0 1 0 0 0 0 0 0 0 0 0 0 0 0 0 0 0 0 0 1 0 0 0 1 0 1 0 0 0 0 0 0 0 0 0 0 0 0 0 0 0 0 1 0 0 0 0 0 0 0 0 0 0 0 0 0 0 0 0 0 0 0 1 0 0 0 
0 0 0 0 0 0 0 1 1 0 0 0 0 0 1 0 1 0 0 1 0 0 0 0 0 0 0 0 0 0 0 0 0 1 1 1 0 0 0 1 0 0 0 1 0 0 0 0 0 0 0 0 0 0 0 0 0 0 0 0 0 0 1 0 0 1 0 0 0 0 0 0 0 1 1 0 0 0 1 1 1 0 0 0 0 0 0 0 0 0 1 1 0 0 0 0 0 1 0 0 1 1 1 0 0 1 0 0 0 0 1 0 0 0 1 0 0 1 0 0 0 1 0 0 0 1 0 0 
0 0 1 0 0 0 1 1 1 0 1 0 0 1 1 0 0 0 0 1 1 0 1 1 1 1 0 1 1 0 1 0 0 0 0 0 1 0 1 1 0 1 0 1 0 1 1 0 0 0 0 0 0 1 0 1 0 0 1 0 0 1 1 0 1 0 1 1 1 1 1 1 0 1 1 1 1 0 1 1 1 0 1 1 1 0 1 0 1 1 1 1 1 1 1 0 1 1 0 1 1 1 1 0 0 1 0 1 1 1 1 1 0 1 1 1 1 1 1 0 0 0 1 1 0 1 1 1 
0 0 1 0 0 0 1 1 1 0 1 0 0 1 1 0 0 0 0 0 1 0 1 0 1 1 0 1 1 0 1 0 0 0 0 0 1 0 1 0 0 1 0 1 0 1 1 0 0 0 0 0 1 0 0 0 0 0 1 0 0 1 1 0 0 0 1 0 1 1 0 1 0 1 0 1 1 0 0 0 0 0 1 1 1 0 1 0 1 0 0 1 1 1 1 0 1 0 0 1 1 0 0 0 0 0 0 1 0 0 0 1 0 1 1 1 1 0 1 0 0 0 0 1 0 0 1 1 
0 0 0 1 1 1 0 0 0 1 0 0 0 0 0 1 0 0 1 0 0 1 0 0 0 0 1 0 0 1 0 0 0 0 0 0 0 1 0 0 1 0 0 0 0 0 0 1 1 1 0 0 0 0 0 0 0 0 0 0 0 0 0 0 0 0 0 0 0 0 0 0 0 0 0 0 0 1 0 0 0 0 0 0 0 0 0 1 0 0 0 0 0 0 0 0 0 0 0 0 0 0 0 0 1 0 0 0 0 0 0 0 1 0 0 0 0 0 0 0 0 0 0 0 1 0 0 0 
0 1 0 0 0 0 1 0 1 0 0 0 1 1 0 0 0 0 0 0 0 0 0 1 0 0 0 1 1 0 0 1 1 1 0 0 0 1 0 1 0 0 0 1 1 0 0 1 0 0 0 0 1 0 0 0 1 1 0 0 1 0 1 0 1 0 0 1 1 0 1 1 1 1 1 1 1 0 1 1 1 0 0 0 0 0 0 0 1 1 1 1 1 0 0 0 1 1 1 0 1 0 1 1 0 1 0 1 1 1 1 0 0 0 1 0 0 1 0 1 1 0 1 0 0 0 0 1 
0 0 1 0 0 0 1 0 0 0 1 0 0 1 0 0 0 0 0 0 0 0 0 1 0 0 0 0 0 0 0 0 0 0 0 0 0 0 0 0 0 1 0 0 0 0 0 0 0 0 0 0 0 0 0 1 0 1 0 0 1 0 0 0 1 0 0 1 0 0 1 1 0 0 0 1 1 0 0 0 0 0 0 0 1 0 0 0 0 1 0 0 0 1 0 1 1 0 0 0 0 0 0 0 0 0 1 1 0 0 0 1 0 1 0 0 0 0 0 0 0 0 1 0 0 0 0 1 
0 1 0 0 0 0 1 0 1 0 0 0 1 1 0 0 0 0 0 0 0 0 0 1 0 0 0 1 0 0 0 1 1 1 0 0 0 1 0 1 0 0 0 1 1 0 0 1 0 0 0 0 0 0 0 1 1 0 0 0 1 0 1 0 1 0 0 1 1 0 1 1 1 0 1 0 1 0 0 1 1 0 0 0 0 0 0 0 1 1 1 1 1 0 0 1 1 0 1 0 1 0 1 1 0 1 0 1 1 1 1 0 0 0 1 0 0 1 0 1 1 0 1 0 0 0 0 1 
0 0 1 0 0 0 0 1 1 0 1 0 0 1 1 0 0 0 0 1 1 0 1 0 1 1 0 1 1 0 1 0 0 0 0 0 1 0 1 0 0 1 0 1 0 1 1 0 0 0 0 0 1 1 0 0 0 0 0 0 0 1 1 0 0 0 1 0 1 1 0 1 0 1 0 1 1 0 0 0 0 0 1 1 1 0 1 0 1 0 0 1 1 1 1 0 1 0 0 1 1 0 0 0 0 0 0 1 0 0 0 1 0 1 1 1 1 0 1 0 0 0 0 1 0 0 1 1 
0 0 0 1 1 1 0 0 0 1 0 1 0 0 0 1 0 1 1 0 0 1 0 0 0 0 1 0 0 1 0 0 0 0 0 0 0 0 0 0 1 0 1 0 0 0 0 0 0 1 1 0 0 0 0 0 0 0 0 0 0 0 0 1 0 0 0 0 0 0 0 0 0 0 0 0 0 1 0 0 0 1 0 0 0 1 0 1 0 0 0 0 0 0 0 0 0 0 0 0 0 0 0 0 1 0 0 0 0 0 0 0 0 0 0 0 0 0 0 0 0 0 0 0 1 0 0 0 
0 0 1 0 0 0 1 0 0 0 1 0 0 1 0 0 0 0 0 0 0 0 0 1 1 0 0 1 0 0 1 0 0 0 0 0 0 0 1 0 0 1 0 0 0 1 0 0 0 0 0 0 0 0 0 1 1 1 0 0 0 0 0 0 1 0 0 1 1 0 1 1 0 0 0 1 1 0 0 0 0 0 0 0 1 0 0 0 1 1 0 0 1 1 0 1 1 0 0 0 0 0 0 1 0 0 1 1 0 0 0 1 0 1 0 0 0 0 0 0 0 0 1 1 0 0 1 1 
0 0 1 0 0 0 0 1 1 0 1 0 0 1 0 0 0 0 0 0 1 0 1 0 1 1 0 0 1 0 1 0 0 0 0 0 1 0 1 0 0 1 0 0 0 1 1 0 0 0 0 0 1 1 0 0 0 0 1 0 0 0 1 0 0 0 1 0 1 1 0 1 0 0 0 1 1 0 0 0 0 0 1 1 1 0 1 0 1 0 0 1 1 1 1 0 1 0 0 1 0 0 0 0 0 0 0 1 0 0 0 1 0 1 0 1 1 0 1 0 0 0 0 1 0 0 1 1 
0 1 1 0 0 0 1 1 1 0 1 0 0 1 1 0 0 0 0 1 1 0 1 1 1 1 0 1 1 0 1 0 0 1 0 0 1 0 1 1 0 1 0 1 0 1 1 0 0 0 0 1 1 1 0 1 0 1 1 0 0 1 0 0 1 1 1 1 1 1 1 1 0 1 1 1 1 0 1 1 1 0 1 1 1 0 1 0 1 1 1 1 1 1 1 0 1 1 1 1 1 1 1 1 0 1 0 1 1 1 1 1 0 1 1 1 1 1 1 0 0 0 1 1 0 1 1 1 
0 0 0 1 1 1 0 0 0 1 0 1 0 0 0 0 0 1 1 0 0 1 0 0 0 0 1 0 0 0 0 0 0 0 1 1 0 0 0 0 0 0 1 0 0 0 0 0 1 1 1 0 0 0 0 0 0 0 0 1 0 0 0 0 0 0 0 0 0 0 0 0 0 0 0 0 0 0 0 0 0 1 0 0 0 1 0 1 0 0 0 0 0 0 0 0 0 0 0 0 0 0 0 0 1 0 0 0 0 0 0 0 0 0 0 0 0 0 0 0 0 1 0 0 1 0 0 0 
0 1 1 0 0 0 1 1 1 0 1 0 0 1 0 0 0 0 0 1 1 0 0 1 1 0 0 1 1 0 1 1 0 0 0 0 0 0 0 1 0 0 0 1 1 1 0 0 0 0 0 0 1 0 0 1 1 1 0 0 1 0 1 0 0 0 1 1 1 1 1 1 1 1 1 1 1 0 1 1 1 0 0 0 1 0 0 0 1 1 1 1 1 1 0 1 1 0 1 1 1 1 1 1 0 1 1 1 1 1 1 1 0 1 1 1 0 1 0 1 1 0 1 1 0 1 1 1 
0 1 0 0 0 0 0 1 1 0 0 0 0 0 1 0 1 0 0 1 0 0 0 0 0 0 0 1 1 0 0 0 1 1 1 1 0 0 0 1 0 0 0 1 0 0 0 0 0 0 0 1 0 0 0 0 0 0 0 0 0 0 1 0 0 0 0 0 1 0 0 0 0 1 1 0 1 0 1 1 1 0 0 0 0 0 0 1 1 0 1 1 0 0 0 0 0 1 0 1 1 1 1 0 0 1 0 0 1 1 1 0 0 0 1 0 0 1 0 0 0 1 0 0 0 1 0 0 
0 0 1 0 0 0 1 1 1 0 1 0 0 1 1 0 0 0 0 1 1 0 1 1 1 1 0 1 1 0 1 0 0 0 0 0 1 0 1 1 0 1 0 1 0 1 1 0 0 0 0 0 1 1 0 0 0 0 1 0 0 1 1 0 1 0 0 1 1 1 1 1 0 1 1 1 1 0 1 1 0 0 1 1 1 0 1 0 1 1 1 1 1 1 1 0 1 1 0 1 1 1 1 0 0 1 0 1 1 1 1 1 0 1 1 1 1 1 1 0 0 0 1 1 0 1 1 1 
0 1 1 0 0 0 1 0 1 0 0 0 1 1 0 0 0 0 0 1 0 0 0 1 0 0 0 1 1 0 0 1 0 0 0 0 0 0 0 0 0 0 0 1 1 0 0 1 0 0 0 0 1 0 0 1 1 1 0 0 1 0 1 0 1 0 1 0 1 0 1 1 1 1 1 1 1 0 0 1 1 0 0 0 1 0 0 0 1 1 1 1 1 0 0 1 1 0 1 1 1 0 1 1 0 0 1 1 1 1 1 1 0 0 1 1 0 1 0 1 1 0 1 1 0 0 1 1 
0 1 1 0 0 0 1 1 1 0 1 0 0 1 1 0 0 0 0 1 1 0 1 1 1 1 0 1 1 0 1 0 0 0 0 0 1 0 1 1 0 1 0 1 0 1 1 0 0 0 0 0 1 1 0 1 0 1 1 0 1 1 1 0 1 1 1 1 0 1 1 1 0 1 1 1 1 0 1 1 1 0 1 1 1 0 1 0 1 1 1 1 1 1 1 0 1 1 1 1 1 1 1 1 0 1 0 1 1 1 1 1 0 1 1 1 1 1 1 0 0 0 1 1 0 1 1 1 
0 0 1 0 0 0 1 1 1 0 1 0 0 1 1 0 0 0 0 1 1 0 1 0 1 1 0 1 1 0 1 0 0 0 0 0 1 0 1 1 0 1 0 1 0 1 1 0 0 0 0 0 1 1 0 0 0 0 1 0 0 1 1 0 1 0 1 0 1 0 1 1 0 1 1 1 1 0 1 1 0 0 1 1 1 0 1 0 1 0 0 1 1 1 1 0 1 0 0 1 1 1 0 0 0 0 0 1 1 0 1 1 0 1 1 1 1 0 1 0 0 0 1 1 0 1 1 1 
0 1 1 0 0 0 1 0 1 0 1 0 0 1 0 0 0 0 0 0 0 0 0 1 1 0 0 1 1 0 1 1 0 0 0 0 0 0 0 0 0 1 0 1 1 1 0 0 0 0 0 0 1 0 0 1 1 1 0 0 1 0 1 0 1 0 1 1 1 1 0 1 1 0 0 1 1 0 0 1 1 0 0 0 1 0 0 0 1 1 1 1 1 1 0 1 1 0 1 1 1 0 1 1 0 0 1 1 1 1 1 1 0 1 1 1 0 0 0 1 1 0 1 1 0 0 1 1 
0 0 1 0 0 0 1 0 1 0 1 0 0 1 0 0 0 0 0 0 1 0 0 1 1 1 0 1 1 0 1 0 0 0 0 0 0 0 1 0 0 1 0 1 1 1 0 0 0 0 0 0 1 1 0 1 1 1 1 0 1 1 1 0 1 0 1 1 1 1 1 0 0 0 0 1 1 0 0 0 0 0 0 0 1 0 1 0 1 1 0 1 1 1 1 1 1 0 1 1 0 0 0 1 0 0 1 1 1 0 1 1 0 1 0 1 1 0 0 0 0 0 1 1 0 0 1 1 
0 1 0 0 0 0 0 0 0 0 0 0 1 0 0 0 0 0 0 0 0 0 0 1 0 0 0 1 0 0 0 1 1 1 0 0 0 1 0 0 0 0 0 0 1 0 0 1 0 0 0 0 0 0 0 1 0 1 0 0 0 0 0 0 1 0 0 1 0 0 1 0 0 0 0 0 0 0 0 1 1 0 0 0 0 0 0 0 0 0 1 0 0 0 0 0 0 0 1 0 0 0 1 1 0 0 0 0 1 1 1 0 1 0 0 0 0 0 0 1 1 0 1 0 0 0 0 0 
0 1 1 0 0 0 0 1 1 0 1 0 0 0 1 0 1 0 0 1 1 0 0 0 1 1 0 1 1 0 1 0 0 1 1 0 0 0 0 1 0 0 0 1 0 1 1 0 0 0 0 1 1 1 0 1 0 0 1 0 0 0 1 0 1 1 1 1 1 1 0 0 0 0 1 1 1 0 1 1 1 0 0 1 0 0 0 0 1 0 1 1 1 0 1 0 0 1 0 1 1 1 1 0 0 1 0 1 1 1 1 0 0 1 1 1 1 1 0 0 0 1 1 1 0 1 1 1 
0 1 0 0 0 1 0 1 1 0 0 0 1 0 1 0 1 0 0 1 0 0 0 0 0 0 0 1 1 0 0 1 1 1 1 1 0 1 0 1 0 0 0 1 1 1 0 1 0 0 0 1 1 0 0 1 0 1 0 0 0 0 1 0 1 1 1 1 1 1 0 0 0 1 0 0 1 0 1 1 1 0 0 0 0 0 0 1 1 0 1 1 1 0 0 0 0 1 1 1 1 1 1 1 0 1 0 0 1 1 1 0 0 0 1 1 0 1 0 0 1 1 0 1 0 1 1 0 
0 0 1 0 0 0 1 1 1 0 1 0 0 1 1 0 0 0 0 1 1 0 1 1 1 1 0 1 1 0 1 0 0 0 0 0 1 0 1 0 0 1 0 1 0 1 1 0 0 0 0 0 1 1 0 1 1 0 1 0 1 1 1 0 1 0 1 1 1 1 1 1 0 1 0 0 1 0 0 1 0 0 1 1 1 0 1 0 1 1 0 1 1 1 1 1 1 0 0 1 1 1 0 0 0 0 1 1 1 0 1 1 0 1 1 1 1 0 1 0 0 0 1 1 0 0 1 1 
0 1 1 0 0 0 1 1 1 0 1 0 0 1 1 0 0 0 0 1 1 0 0 1 1 1 0 1 1 0 1 1 0 1 0 0 0 0 1 1 0 1 0 1 1 1 1 0 0 0 0 0 1 1 0 1 1 1 1 0 1 1 1 0 1 1 1 1 1 1 1 1 0 1 1 1 0 0 1 1 1 0 1 1 1 0 1 0 1 1 1 1 1 1 1 1 1 1 1 1 1 1 1 1 0 1 0 1 1 1 1 1 0 1 1 1 1 1 1 0 0 0 1 1 0 1 1 1 
0 0 0 1 1 1 0 0 0 1 0 0 0 0 0 1 0 0 1 0 0 1 0 0 0 0 1 0 0 1 0 0 0 0 0 0 0 1 0 0 1 0 0 0 0 0 0 1 1 1 0 0 0 0 1 0 0 0 0 1 0 0 0 0 0 0 0 0 0 0 0 0 0 0 0 0 0 0 0 0 0 0 0 0 0 0 0 1 0 0 0 0 0 0 0 0 0 0 0 0 0 0 0 0 1 0 0 0 0 0 0 0 1 0 0 0 0 0 0 0 0 0 0 0 1 0 0 0 
0 1 0 0 0 0 0 1 1 0 0 0 1 0 1 0 1 0 0 1 0 0 0 0 0 0 0 1 1 0 0 1 0 1 1 1 0 0 0 1 0 0 0 1 0 1 0 0 0 0 0 1 1 0 0 1 0 0 0 0 0 0 1 0 1 1 1 0 1 1 0 0 0 1 1 0 1 0 0 1 1 0 0 1 0 0 0 0 1 0 1 1 1 0 0 0 0 1 1 1 1 1 1 0 0 1 0 1 1 1 1 0 0 0 1 1 0 1 0 0 0 1 0 1 0 1 1 0 
0 1 0 0 0 0 0 1 1 0 0 0 1 0 1 0 1 0 0 1 0 0 0 0 0 0 0 1 1 0 0 1 1 1 0 1 0 1 0 1 0 0 0 1 1 1 0 1 0 0 0 1 1 0 0 1 0 1 0 0 0 0 1 0 1 1 1 1 1 1 1 0 1 1 1 1 1 0 1 0 1 0 0 1 0 0 0 1 1 0 1 1 1 0 0 0 0 1 1 1 1 1 1 1 0 1 0 1 1 1 1 0 0 0 1 1 0 1 0 1 1 1 1 1 0 1 1 0 
0 1 0 0 0 0 0 0 1 0 0 0 1 0 0 0 1 0 0 1 0 0 0 0 0 0 0 1 1 0 0 1 1 1 0 1 0 1 0 1 0 0 0 1 1 0 0 1 0 0 0 1 1 0 0 1 0 1 0 0 0 0 1 0 1 1 0 1 1 0 1 0 1 1 1 0 1 0 1 1 0 0 0 0 0 0 0 1 1 0 1 1 1 0 0 0 0 1 1 1 1 1 1 1 0 1 0 0 1 1 1 0 0 0 1 0 0 1 0 1 1 0 1 0 0 1 0 0 
0 0 0 1 1 1 0 0 0 1 0 1 0 0 0 0 0 1 1 0 0 1 0 0 0 0 1 0 0 0 0 0 0 0 1 1 0 0 0 0 1 0 1 0 0 0 0 0 1 1 1 0 0 0 0 0 0 0 0 1 0 0 0 1 0 0 0 0 0 0 0 0 0 0 0 0 0 0 0 0 0 0 0 0 0 1 0 1 0 0 0 0 0 0 0 0 0 0 0 0 0 0 0 0 1 0 0 0 0 0 0 0 0 0 0 0 0 0 0 0 0 0 0 0 1 0 0 0 
0 0 1 0 0 0 0 1 1 0 1 0 0 1 1 0 0 0 0 0 1 0 1 0 1 1 0 0 1 0 1 0 0 0 0 0 1 0 1 0 0 1 0 1 0 1 1 0 0 0 0 0 1 1 0 0 0 0 1 0 0 1 1 0 0 0 1 0 1 1 0 0 0 0 0 1 1 0 0 0 0 0 0 1 1 0 1 0 1 0 0 1 1 1 1 0 1 0 0 1 0 0 0 0 0 0 0 1 0 0 0 1 0 1 0 1 1 0 1 0 0 0 0 1 0 0 1 1 
0 0 1 0 0 0 0 1 1 0 1 0 0 0 1 0 0 0 0 1 1 0 1 0 1 1 0 1 1 0 1 0 0 0 0 0 1 0 1 1 0 1 0 1 0 1 1 0 0 0 0 0 1 1 0 0 0 0 1 0 0 1 1 0 0 0 1 0 1 1 0 0 0 1 0 1 1 0 1 1 0 0 1 0 1 0 1 0 1 0 0 1 1 1 1 0 1 0 0 1 1 1 0 0 0 0 0 1 1 0 1 1 0 1 1 1 1 0 1 0 0 0 0 1 0 1 1 1 
0 0 1 0 0 0 1 0 1 0 1 0 0 1 0 0 0 0 0 0 1 0 1 1 1 1 0 1 1 0 1 0 0 0 0 0 1 0 1 0 0 1 0 0 0 1 1 0 0 0 0 0 1 1 0 0 1 0 1 0 1 1 1 0 1 0 1 1 1 1 1 1 0 0 0 1 1 0 0 0 0 0 1 1 0 0 1 0 1 1 0 1 1 1 1 1 1 0 0 1 0 0 0 0 0 0 1 1 0 0 0 1 0 1 0 1 1 0 1 0 0 0 1 1 0 0 1 1 
0 0 0 1 1 1 0 0 0 1 0 1 0 0 0 0 0 1 1 0 0 1 0 0 0 0 1 0 0 0 0 0 0 0 0 0 0 0 0 0 1 0 1 0 0 0 0 0 0 1 1 0 0 0 0 0 0 0 0 1 0 0 0 1 0 0 0 0 0 0 0 0 0 0 0 0 0 0 0 0 0 1 0 0 0 0 0 0 0 0 0 0 0 0 0 0 0 0 0 0 0 0 0 0 1 0 0 0 0 0 0 0 0 0 0 0 0 0 0 0 0 0 0 0 1 0 0 0 
0 0 1 0 0 0 0 1 1 0 1 0 0 1 1 0 0 0 0 0 1 0 1 0 1 1 0 0 1 0 1 0 0 0 0 0 1 0 1 0 0 1 0 1 0 1 1 0 0 0 0 0 1 1 0 0 0 0 1 0 0 1 1 0 0 0 1 0 1 1 0 1 0 0 0 1 1 0 0 0 0 0 1 1 1 0 0 0 1 0 0 1 1 1 1 0 1 0 0 1 0 0 0 0 0 0 0 1 0 0 0 1 0 1 0 1 1 0 1 0 0 0 0 1 0 0 1 1 
0 0 0 1 1 1 0 0 0 1 0 0 1 0 0 0 1 0 1 0 0 1 0 0 0 0 1 0 0 1 0 0 1 1 1 1 0 1 0 0 0 0 1 0 0 0 0 1 1 0 1 0 0 0 1 0 0 0 0 1 0 0 0 1 0 1 0 0 0 0 0 0 0 0 1 0 0 1 0 1 1 1 0 0 0 0 0 0 0 0 1 0 0 0 0 0 0 1 0 0 0 0 1 0 1 1 0 0 0 0 0 0 1 0 0 0 0 1 0 0 0 1 0 0 1 0 0 0 
0 1 1 0 0 0 1 1 1 0 1 0 0 1 1 0 0 0 0 1 1 0 0 1 1 1 0 1 1 0 1 1 0 1 0 0 1 0 1 1 0 1 0 1 1 1 1 0 0 0 0 0 1 1 0 1 0 1 1 0 1 1 1 0 1 1 1 1 1 1 1 1 0 1 1 1 1 0 1 1 1 0 1 1 1 0 1 0 0 1 1 1 1 1 1 0 1 1 1 1 1 1 1 1 0 1 0 1 1 1 1 1 0 1 1 1 1 1 1 0 0 0 1 1 0 1 1 1 
0 0 1 0 0 0 1 0 1 0 1 0 0 1 0 0 0 0 0 0 1 0 0 1 1 0 0 1 1 0 1 0 0 0 0 0 0 0 1 0 0 1 0 0 1 1 0 0 0 0 0 0 1 0 0 1 1 1 0 0 1 0 1 0 1 0 1 1 1 0 1 1 0 0 0 1 1 0 0 0 0 0 0 0 1 0 0 0 1 0 0 1 1 1 0 1 1 0 1 0 0 0 0 1 0 0 1 1 1 0 1 1 0 1 0 1 1 0 0 1 0 0 1 1 0 0 1 1 
0 1 0 0 0 0 0 1 1 0 0 0 1 0 1 0 1 0 0 1 0 0 0 0 0 0 0 1 1 0 0 1 1 1 0 1 0 1 0 1 0 0 0 1 1 1 0 1 0 0 0 1 1 0 0 1 0 1 0 0 0 0 1 0 1 1 1 1 1 0 1 0 1 1 1 0 1 0 1 1 1 0 0 0 0 0 0 1 1 0 0 1 1 0 0 0 0 1 1 1 1 1 1 1 0 1 0 1 1 1 1 0 0 0 1 1 0 1 0 1 1 1 1 1 0 1 1 0 
0 1 1 0 0 0 1 1 1 0 1 0 0 1 1 0 0 0 0 1 1 0 1 1 1 1 0 1 1 0 1 0 0 1 0 0 1 0 1 1 0 1 0 1 0 1 1 0 0 0 0 1 1 1 0 1 0 1 1 0 0 1 1 0 1 1 1 1 1 1 1 1 0 1 1 1 1 0 1 1 1 0 1 1 1 0 1 0 1 1 1 0 1 1 1 0 1 1 1 1 1 1 1 0 0 1 0 1 1 1 1 1 0 1 1 1 1 1 1 0 0 0 1 1 0 1 1 1 
0 1 1 0 0 0 1 1 1 0 1 0 0 1 1 0 0 0 0 1 1 0 1 1 1 1 0 1 1 0 1 0 0 0 0 0 1 0 1 1 0 1 0 1 0 1 1 0 0 0 0 0 1 1 0 1 0 1 1 0 1 1 1 0 1 0 1 1 1 1 1 1 0 1 1 1 1 0 1 1 1 0 1 1 1 0 1 0 1 1 1 1 0 1 1 0 1 1 1 1 1 1 1 0 0 1 0 1 1 1 1 1 0 1 1 1 1 1 1 0 0 0 1 1 0 1 1 1 
0 0 1 0 0 0 1 1 1 0 1 0 0 1 1 0 0 0 0 0 1 0 1 1 1 1 0 1 1 0 1 0 0 0 0 0 1 0 1 0 0 1 0 1 0 1 1 0 0 0 0 0 1 1 0 0 1 0 1 0 1 1 1 0 1 0 1 0 1 1 1 1 0 0 0 1 1 0 0 0 0 0 1 1 1 0 1 0 1 1 0 1 1 0 1 1 1 0 0 1 1 0 0 0 0 0 1 1 0 0 0 1 0 1 0 1 1 0 1 0 0 0 1 1 0 0 1 1 
0 0 1 0 0 0 0 1 1 0 1 0 0 1 1 0 0 0 0 1 1 0 1 0 1 1 0 1 1 0 1 0 0 0 0 0 1 0 1 1 0 1 0 1 0 1 1 0 0 0 0 0 1 1 0 0 0 0 1 0 0 1 1 0 0 0 1 0 1 1 0 1 0 1 0 1 1 0 0 0 0 0 1 1 1 0 1 0 1 0 0 1 1 1 0 0 1 0 0 1 1 1 0 0 0 0 0 1 0 0 1 1 0 1 1 1 1 0 1 0 0 0 0 1 0 0 1 1 
0 0 1 0 0 0 1 0 0 0 0 0 0 1 0 0 0 0 0 0 0 0 0 1 0 0 0 0 0 0 0 0 0 0 0 0 0 0 0 0 0 0 0 0 0 0 0 0 0 0 0 0 0 0 0 0 1 1 0 0 1 0 0 0 1 0 0 1 0 0 1 1 0 0 0 1 1 0 0 0 0 0 0 0 1 0 0 0 0 1 0 0 0 1 0 0 1 0 0 0 0 0 0 0 0 0 1 1 0 0 0 1 0 0 0 0 0 0 0 0 0 0 1 0 0 0 0 1 
0 0 1 0 0 0 1 0 1 0 1 0 0 1 0 0 0 0 0 0 1 0 0 1 1 1 0 1 1 0 1 0 0 0 0 0 1 0 1 0 0 1 0 1 0 1 1 0 0 0 0 0 1 1 0 1 1 1 1 0 1 1 1 0 1 0 1 1 1 1 1 1 0 0 0 1 1 0 0 0 0 0 1 1 1 0 1 0 1 1 0 1 1 1 1 1 0 0 0 1 0 0 0 0 0 0 1 1 1 0 1 1 0 1 0 1 1 0 1 0 0 0 1 1 0 0 1 1 
0 1 0 0 0 0 0 1 1 0 0 0 1 0 1 0 1 0 0 1 0 0 0 0 0 0 0 1 1 0 0 1 1 1 1 1 0 0 0 1 0 0 0 1 0 0 0 0 0 0 0 1 1 0 0 1 0 0 0 0 0 0 1 0 0 1 1 0 1 0 0 0 0 1 1 0 1 0 1 1 1 0 0 0 0 0 0 1 1 0 1 1 1 0 0 0 0 0 1 1 1 1 1 0 0 1 0 0 1 1 1 0 0 0 1 0 0 1 0 0 0 1 0 0 0 1 0 0 
0 1 0 0 0 0 1 0 1 0 0 0 1 0 0 0 1 0 0 0 0 0 0 1 0 0 0 1 0 0 0 1 1 1 0 0 0 1 0 1 0 0 0 1 1 0 0 1 0 0 0 0 0 0 0 1 0 1 0 0 0 0 1 0 1 0 0 1 1 0 1 1 1 0 1 0 1 0 1 1 1 0 0 0 0 0 0 0 1 1 1 1 1 0 0 0 0 1 0 0 1 0 1 1 0 1 0 0 1 1 1 0 1 0 1 0 0 1 0 1 1 0 1 0 0 1 0 0 
0 0 1 0 0 0 0 1 1 0 1 0 0 0 1 0 0 0 0 1 1 0 1 0 1 1 0 1 1 0 1 0 0 0 0 0 1 0 1 1 0 1 0 1 0 1 1 0 0 0 0 0 1 1 0 0 0 0 1 0 0 1 1 0 1 1 1 1 1 1 1 1 0 1 1 1 1 0 1 1 1 0 1 1 1 0 1 0 1 0 1 1 1 1 1 0 1 1 0 0 1 1 1 0 0 1 0 1 1 1 1 1 0 1 1 1 1 1 1 0 0 0 1 1 0 1 1 1 
0 1 1 0 0 0 0 1 1 0 1 0 0 0 1 0 1 0 0 1 1 0 0 0 1 1 0 1 1 0 1 0 0 1 0 0 0 0 1 1 0 0 0 1 0 1 1 0 0 0 0 1 1 1 0 1 0 1 1 0 0 0 1 0 1 1 1 1 1 1 1 0 0 1 1 1 1 0 1 1 1 0 0 1 0 0 0 0 1 0 1 1 1 1 1 0 0 1 1 1 0 1 1 0 0 1 0 1 1 1 1 0 0 1 1 1 1 1 0 0 0 1 1 1 0 1 1 1 
0 0 1 0 0 0 0 1 1 0 0 0 0 0 1 0 1 0 0 1 1 0 0 0 0 0 0 1 1 0 0 0 0 1 1 0 0 0 0 1 0 0 0 1 0 1 0 0 0 0 0 1 1 0 0 0 0 0 0 0 0 0 1 0 1 1 1 0 1 1 0 0 0 1 1 1 1 0 1 1 1 0 0 1 0 0 0 0 1 0 1 1 1 0 1 0 0 1 0 1 1 0 1 0 0 1 0 1 1 1 1 0 0 1 1 1 0 1 0 0 0 1 0 1 0 1 1 0 
0 1 0 0 0 1 0 1 1 0 0 0 1 0 0 0 1 0 0 1 0 0 0 0 0 0 0 1 1 0 0 1 1 1 0 1 0 1 0 1 0 0 0 1 1 0 0 1 0 0 0 1 1 0 0 1 0 1 0 0 0 0 1 0 1 1 1 1 1 0 1 0 1 1 1 0 1 0 1 1 1 0 0 0 0 0 0 1 1 0 1 1 1 0 0 0 0 1 1 1 1 1 0 1 0 1 0 1 1 1 1 0 0 0 1 0 0 1 0 1 1 1 1 1 0 1 1 0 
0 1 0 0 0 0 1 0 1 0 0 0 1 1 0 0 0 0 0 0 0 0 0 1 0 0 0 1 0 0 0 1 1 1 0 0 0 1 0 1 0 0 0 1 1 0 0 1 0 0 0 0 0 0 0 1 0 1 0 0 1 0 1 0 1 0 0 1 1 0 1 1 1 0 1 0 1 0 0 1 1 0 0 0 0 0 0 0 1 1 1 0 0 0 0 0 0 0 1 0 0 0 1 0 0 1 0 0 1 1 1 0 0 0 1 0 0 1 0 1 1 0 1 0 0 0 0 0 
0 0 0 1 1 1 0 0 0 1 0 1 0 0 0 1 0 1 1 0 0 1 0 0 0 0 1 0 0 1 0 0 0 0 0 0 0 0 0 0 1 0 1 0 0 0 0 0 1 1 1 0 0 0 1 0 0 0 0 1 0 0 0 1 0 0 0 0 0 0 0 0 0 0 0 0 0 1 0 0 0 1 0 0 0 1 0 1 0 0 0 0 0 0 0 0 0 0 0 0 0 0 0 0 0 0 0 0 0 0 0 0 0 0 0 0 0 0 0 0 0 0 0 0 1 0 0 0 
0 1 0 0 0 0 0 1 1 0 0 0 1 0 1 0 1 0 0 1 0 0 0 0 0 0 0 1 1 0 0 1 1 1 1 1 0 1 0 1 0 0 0 1 1 0 0 0 0 0 0 1 1 0 0 1 0 1 0 0 0 0 1 0 1 1 1 0 1 0 0 0 0 1 1 0 1 0 1 1 1 0 0 0 0 0 0 1 1 0 1 1 1 0 0 0 0 1 1 1 1 1 1 1 0 0 0 0 1 1 1 0 0 0 1 1 0 1 0 0 0 1 0 1 0 1 1 0 
0 0 1 0 0 0 1 0 0 0 0 0 0 1 0 0 0 0 0 0 0 0 0 1 0 0 0 0 0 0 0 0 0 0 0 0 0 0 0 0 0 0 0 0 0 0 0 0 0 0 0 0 0 0 0 0 1 0 0 0 1 0 0 0 1 0 0 1 0 0 1 1 0 0 0 1 0 0 0 0 0 0 0 0 1 0 0 0 0 1 0 0 0 1 0 1 1 0 0 0 0 0 0 0 0 0 0 1 0 0 0 1 0 0 0 0 0 0 0 0 0 0 1 0 0 0 0 1 
0 0 1 0 0 0 1 1 1 0 1 0 0 1 1 0 0 0 0 1 1 0 1 1 1 1 0 1 1 0 1 0 0 0 0 0 1 0 1 1 0 1 0 1 0 1 1 0 0 0 0 0 1 1 0 1 1 1 1 0 1 1 1 0 1 0 1 1 1 1 1 1 0 1 0 1 1 0 1 1 0 0 1 1 1 0 1 0 1 1 1 1 1 1 1 1 1 0 0 1 1 1 1 0 0 0 1 0 1 1 1 1 0 1 1 1 1 0 1 0 0 0 1 1 0 0 1 1 
0 1 1 0 0 0 1 1 1 0 0 0 1 1 1 0 1 0 0 1 0 0 0 1 0 0 0 1 1 0 0 1 1 1 0 0 0 1 0 1 0 0 0 1 1 1 0 1 0 0 0 0 1 0 0 1 0 1 0 0 0 0 1 0 1 1 1 1 1 1 1 1 1 1 1 1 1 0 1 1 1 0 0 1 0 0 0 0 1 1 1 1 1 0 0 0 1 1 1 1 1 1 1 1 0 1 0 1 0 1 1 0 0 1 1 1 0 1 0 1 1 0 1 1 0 1 1 1 
0 1 0 0 0 0 0 0 1 0 0 0 1 0 0 0 1 0 0 1 0 0 0 1 0 0 0 1 1 0 0 1 1 1 0 0 0 1 0 1 0 0 0 1 1 0 0 1 0 0 0 0 1 0 0 1 0 1 0 0 0 0 1 0 1 1 1 1 1 0 1 0 1 1 1 0 1 0 1 1 1 0 0 0 0 0 0 0 1 0 1 1 1 0 0 0 0 1 1 1 1 1 1 1 0 1 0 1 1 0 1 0 0 0 1 0 0 1 0 1 1 0 1 1 0 1 1 0 
0 1 1 0 0 0 1 1 1 0 1 0 1 0 1 0 1 0 0 1 1 0 0 1 0 0 0 1 1 0 0 1 1 1 0 0 0 1 0 1 0 0 0 1 1 1 0 1 0 0 0 1 1 0 0 1 0 1 0 0 0 0 1 0 1 1 1 1 1 1 1 1 1 1 1 1 1 0 1 1 1 0 0 1 0 0 0 0 1 1 1 1 1 0 1 0 1 1 1 1 1 1 1 1 0 1 0 1 1 1 0 0 0 1 1 1 0 1 0 1 1 0 1 1 0 1 1 1 
0 0 1 0 0 0 1 1 1 0 1 0 0 1 0 0 0 0 0 0 1 0 1 1 1 1 0 1 1 0 1 0 0 0 0 0 1 0 1 0 0 1 0 1 0 1 1 0 0 0 0 0 1 1 0 0 1 0 1 0 1 1 1 0 1 0 1 1 1 1 1 1 0 0 0 1 1 0 0 0 0 0 1 1 1 0 1 0 1 1 0 1 1 1 1 1 1 0 0 1 0 0 0 0 0 0 1 1 0 0 0 0 0 1 0 1 1 0 1 0 0 0 1 1 0 0 1 1 
0 0 0 0 1 1 0 0 0 1 0 0 1 0 0 1 0 0 1 0 0 1 0 0 0 0 1 0 0 1 0 1 1 1 0 0 0 1 0 0 1 0 0 0 1 0 0 1 1 0 0 0 0 0 1 0 0 0 0 0 0 0 0 0 0 0 0 0 0 0 0 0 1 0 0 0 0 1 0 0 0 0 0 0 0 0 0 1 0 0 0 0 0 0 0 0 0 0 1 0 0 0 0 0 0 0 0 0 0 0 0 0 0 0 0 0 0 0 0 0 1 0 0 0 1 0 0 0 
0 0 1 0 0 0 1 1 1 0 1 0 0 1 1 0 0 0 0 1 1 0 1 1 1 1 0 1 1 0 1 0 0 0 0 0 1 0 1 1 0 1 0 1 0 1 1 0 0 0 0 0 1 1 0 0 1 0 1 0 1 1 1 0 1 0 1 0 1 1 1 1 0 1 0 1 1 0 0 0 0 0 1 1 1 0 1 0 1 1 0 1 1 1 1 0 1 0 0 1 1 1 0 0 0 0 0 1 1 0 1 1 0 0 1 1 1 0 1 0 0 0 1 1 0 0 1 1 
0 1 1 0 0 0 0 1 1 0 1 0 1 0 1 0 1 0 0 1 1 0 0 0 0 0 0 1 1 0 1 1 1 1 1 1 0 0 0 1 0 0 0 1 1 1 0 0 0 0 0 1 1 1 0 1 0 1 1 0 0 0 1 0 1 1 1 1 1 1 1 0 0 1 1 1 1 0 1 1 1 0 0 1 0 0 0 0 1 0 1 1 1 0 1 0 0 1 1 1 1 1 1 1 0 1 0 1 1 1 1 0 0 1 0 1 0 1 0 0 0 1 1 1 0 1 1 1 
0 0 1 0 0 0 1 1 1 0 1 0 0 1 1 0 0 0 0 1 1 0 1 0 1 1 0 1 1 0 1 0 0 0 0 0 1 0 1 1 0 1 0 1 0 1 1 0 0 0 0 0 1 1 0 0 0 0 1 0 0 1 1 0 1 0 1 1 1 1 1 1 0 1 1 1 1 0 1 1 0 0 1 1 1 0 1 0 1 1 1 1 1 1 1 0 1 0 0 1 1 1 0 0 0 1 0 1 1 0 1 1 0 1 1 0 1 1 1 0 0 0 1 1 0 1 1 1 
0 0 1 0 0 0 1 1 1 0 1 0 0 1 1 0 0 0 0 0 1 0 1 0 1 1 0 1 1 0 1 0 0 0 0 0 1 0 1 0 0 1 0 1 0 1 1 0 0 0 0 0 1 1 0 0 0 0 1 0 0 1 1 0 0 0 1 0 1 1 0 1 0 1 0 1 1 0 0 0 0 0 1 1 1 0 1 0 1 1 0 1 1 1 1 0 1 0 0 1 1 0 0 0 0 0 0 1 0 0 0 1 0 1 0 1 0 0 1 0 0 0 0 1 0 0 1 1 
0 1 0 0 0 1 0 1 1 0 0 0 1 0 1 0 1 0 0 1 0 0 0 0 0 0 0 1 1 0 0 1 1 1 1 1 0 1 0 1 0 0 0 1 1 0 0 1 0 0 0 1 1 0 0 1 0 1 0 0 0 0 1 0 1 1 1 1 1 0 0 0 0 1 1 0 1 0 1 1 1 0 0 0 0 0 0 1 1 0 1 1 1 0 0 0 0 1 1 1 1 1 1 1 0 1 0 0 1 1 1 0 0 0 1 1 0 0 0 0 1 1 0 1 0 1 1 0 
0 0 1 0 0 0 0 1 1 0 1 0 0 0 1 0 0 0 0 0 1 0 1 0 1 1 0 0 1 0 1 0 0 0 0 0 1 0 1 0 0 1 0 1 0 1 1 0 0 0 0 0 1 1 0 0 0 0 1 0 0 1 1 0 0 0 1 0 1 1 0 0 0 0 0 1 1 0 0 0 0 0 1 1 1 0 1 0 1 0 0 1 1 1 1 0 1 0 0 1 0 0 0 0 0 0 0 1 0 0 0 1 0 1 0 1 1 0 0 0 0 0 0 1 0 0 1 1 
0 1 0 0 0 0 0 0 0 0 0 0 1 0 0 0 0 0 0 0 0 0 0 1 0 0 0 1 0 0 0 1 0 0 0 0 0 1 0 0 0 0 0 0 1 0 0 1 0 0 0 0 0 0 0 1 0 1 0 0 0 0 0 0 1 0 0 1 0 0 1 0 1 0 0 0 0 0 0 1 1 0 0 0 0 0 0 0 0 1 1 0 0 0 0 0 0 0 1 0 0 0 1 1 0 0 0 0 1 1 1 0 0 0 0 0 0 0 0 0 1 0 1 0 0 0 0 0 
0 1 0 0 0 0 0 0 0 0 0 0 1 0 0 0 1 0 0 0 0 0 0 0 0 0 0 1 0 0 0 1 1 1 0 0 0 1 0 0 0 0 0 0 1 0 0 1 0 0 0 0 0 0 0 1 0 1 0 0 0 0 0 0 1 0 0 1 0 0 1 0 1 0 1 0 0 0 0 1 1 0 0 0 0 0 0 0 0 0 1 0 0 0 0 0 0 0 1 0 0 0 1 1 0 0 0 0 1 1 1 0 1 0 0 0 0 1 0 1 0 0 1 0 0 0 0 0 
0 0 0 1 0 1 0 0 0 0 0 0 1 0 0 0 1 0 0 1 0 0 0 0 0 0 0 0 0 0 0 0 1 1 1 1 0 0 0 1 0 0 0 0 0 0 0 0 0 0 0 1 0 0 0 0 0 0 0 0 0 0 0 1 0 1 0 0 0 0 0 0 0 1 1 0 0 0 1 1 0 0 0 0 0 0 0 1 0 0 1 0 0 0 0 0 0 1 0 0 1 1 1 0 0 1 0 0 0 0 0 0 0 0 1 0 0 1 0 0 0 0 0 0 0 1 0 0 
0 1 1 0 0 0 1 1 1 0 1 0 0 1 0 0 0 0 0 1 1 0 0 1 1 0 0 1 1 0 1 1 0 0 0 0 0 0 1 1 0 1 0 1 1 1 0 0 0 0 0 0 1 0 0 1 1 1 0 0 1 0 1 0 1 0 1 1 1 1 1 1 1 1 0 1 1 0 0 1 1 0 0 0 1 0 0 0 1 1 1 1 1 1 0 1 1 0 1 1 1 0 1 1 0 0 1 1 1 1 1 1 0 1 1 1 0 0 0 1 1 0 0 1 0 0 1 1 
0 0 1 0 0 0 1 1 1 0 1 0 0 1 1 0 0 0 0 1 1 0 1 1 1 1 0 1 1 0 1 0 0 0 0 0 1 0 1 1 0 1 0 1 0 1 1 0 0 0 0 0 1 1 0 0 0 0 1 0 1 1 1 0 1 0 1 1 1 1 1 1 0 1 1 1 1 0 1 1 0 0 1 1 1 0 1 0 1 1 1 1 1 1 1 0 1 0 0 1 1 1 1 0 0 1 0 1 1 1 1 1 0 1 1 1 1 1 1 0 0 0 1 0 0 1 1 1 
0 0 0 1 1 1 0 0 0 1 0 1 0 0 0 1 0 0 1 0 0 1 0 0 0 0 1 0 0 1 0 0 0 0 0 0 0 0 0 0 1 0 1 0 0 0 0 0 1 1 1 0 0 0 1 0 0 0 0 1 0 0 0 1 0 0 0 0 0 0 0 0 0 0 0 0 0 1 0 0 0 1 0 0 0 1 0 1 0 0 0 0 0 0 0 0 0 0 0 0 0 0 0 0 1 0 0 0 0 0 0 0 1 0 0 0 0 0 0 0 0 0 0 0 0 0 0 0 
0 1 0 0 0 0 0 1 1 0 0 0 1 0 1 0 1 0 0 1 0 0 0 0 0 0 0 1 1 0 0 1 0 1 1 1 0 0 0 1 0 0 0 1 0 1 0 0 0 0 0 1 1 0 0 0 0 0 0 0 0 0 1 0 1 1 1 0 1 1 0 0 0 1 1 0 1 0 1 1 1 0 0 1 0 0 0 0 1 0 1 1 1 0 0 0 0 1 1 1 1 1 1 0 0 1 0 0 1 1 1 0 0 0 1 1 0 1 0 0 0 1 0 1 0 0 1 0 
0 0 1 0 0 0 1 1 1 0 1 0 0 1 1 0 0 0 0 1 1 0 1 1 1 1 0 1 1 0 1 0 0 0 0 0 1 0 1 1 0 1 0 1 0 1 1 0 0 0 0 0 1 1 0 0 0 0 1 0 1 1 1 0 1 0 1 1 1 1 1 1 0 1 1 1 1 0 1 1 0 0 1 1 1 0 1 0 1 1 1 1 1 1 1 0 1 0 0 1 1 1 1 0 0 1 0 1 1 1 1 1 0 1 1 1 1 1 1 0 0 0 1 1 0 1 0 1 
0 0 1 0 0 0 1 1 1 0 1 0 0 1 1 0 0 0 0 0 1 0 1 1 1 1 0 1 1 0 1 0 0 0 0 0 1 0 1 0 0 1 0 1 0 1 1 0 0 0 0 0 1 1 0 1 1 1 1 0 1 1 1 0 1 0 1 1 1 1 1 1 0 1 0 1 1 0 0 0 0 0 1 1 1 0 1 0 1 1 0 1 1 1 1 1 1 0 0 1 1 0 0 0 0 0 1 1 1 0 1 1 0 1 1 1 1 0 1 0 0 0 1 1 0 0 1 0 




----------------------------

EPOCH: 0 MAX:  -44.921875000    AVG:  -51.505859375
EPOCH: 1 MAX:  -44.921875000    AVG:  -49.187500000
EPOCH: 2 MAX:  -44.921875000    AVG:  -47.984375000
EPOCH: 3 MAX:  -44.921875000    AVG:  -47.371093750
EPOCH: 4 MAX:  -44.921875000    AVG:  -46.832031250
EPOCH: 5 MAX:  -44.921875000    AVG:  -46.562500000
EPOCH: 6 MAX:  -44.531250000    AVG:  -46.292968750
EPOCH: 7 MAX:  -44.531250000    AVG:  -46.087890625
EPOCH: 8 MAX:  -44.531250000    AVG:  -45.896484375
EPOCH: 9 MAX:  -44.140625000    AVG:  -45.669921875
EPOCH: 10 MAX:  -44.140625000    AVG:  -45.496093750
EPOCH: 11 MAX:  -43.750000000    AVG:  -45.250000000
EPOCH: 12 MAX:  -43.750000000    AVG:  -44.947265625
EPOCH: 13 MAX:  -42.578125000    AVG:  -44.662109375
EPOCH: 14 MAX:  -42.578125000    AVG:  -44.423828125
EPOCH: 15 MAX:  -42.578125000    AVG:  -44.185546875
EPOCH: 16 MAX:  -42.578125000    AVG:  -43.902343750
EPOCH: 17 MAX:  -42.578125000    AVG:  -43.669921875
EPOCH: 18 MAX:  -42.187500000    AVG:  -43.314453125
EPOCH: 19 MAX:  -41.796875000    AVG:  -43.050781250
EPOCH: 20 MAX:  -41.796875000    AVG:  -42.796875000
EPOCH: 21 MAX:  -41.796875000    AVG:  -42.632812500
EPOCH: 22 MAX:  -41.406250000    AVG:  -42.341796875
EPOCH: 23 MAX:  -41.406250000    AVG:  -42.126953125
EPOCH: 24 MAX:  -41.406250000    AVG:  -41.908203125
EPOCH: 25 MAX:  -41.406250000    AVG:  -41.740234375
EPOCH: 26 MAX:  -41.406250000    AVG:  -41.660156250
EPOCH: 27 MAX:  -41.406250000    AVG:  -41.472656250
EPOCH: 28 MAX:  -41.015625000    AVG:  -41.394531250
EPOCH: 29 MAX:  -41.015625000    AVG:  -41.375000000
EPOCH: 30 MAX:  -41.015625000    AVG:  -41.330078125
EPOCH: 31 MAX:  -41.015625000    AVG:  -41.203125000
EPOCH: 32 MAX:  -40.625000000    AVG:  -41.013671875
EPOCH: 33 MAX:  -40.234375000    AVG:  -41.001953125
EPOCH: 34 MAX:  -40.234375000    AVG:  -40.974609375
EPOCH: 35 MAX:  -40.234375000    AVG:  -40.861328125
EPOCH: 36 MAX:  -40.234375000    AVG:  -40.630859375
EPOCH: 37 MAX:  -40.234375000    AVG:  -40.468750000
EPOCH: 38 MAX:  -40.234375000    AVG:  -40.283203125
EPOCH: 39 MAX:  -40.234375000    AVG:  -40.234375000
EPOCH: 40 MAX:  -40.234375000    AVG:  -40.234375000
EPOCH: 41 MAX:  -40.234375000    AVG:  -40.234375000
EPOCH: 42 MAX:  -40.234375000    AVG:  -40.234375000
EPOCH: 43 MAX:  -40.234375000    AVG:  -40.234375000
EPOCH: 44 MAX:  -40.234375000    AVG:  -40.234375000
EPOCH: 45 MAX:  -40.234375000    AVG:  -40.234375000
EPOCH: 46 MAX:  -40.234375000    AVG:  -40.234375000
EPOCH: 47 MAX:  -40.234375000    AVG:  -40.234375000
EPOCH: 48 MAX:  -40.234375000    AVG:  -40.234375000
EPOCH: 49 MAX:  -40.234375000    AVG:  -40.234375000
EPOCH: 50 MAX:  -40.234375000    AVG:  -40.234375000
EPOCH: 51 MAX:  -40.234375000    AVG:  -40.234375000
EPOCH: 52 MAX:  -40.234375000    AVG:  -40.234375000
EPOCH: 53 MAX:  -40.234375000    AVG:  -40.234375000
EPOCH: 54 MAX:  -40.234375000    AVG:  -40.234375000
EPOCH: 55 MAX:  -40.234375000    AVG:  -40.234375000
EPOCH: 56 MAX:  -40.234375000    AVG:  -40.234375000
EPOCH: 57 MAX:  -40.234375000    AVG:  -40.234375000
EPOCH: 58 MAX:  -40.234375000    AVG:  -40.234375000
EPOCH: 59 MAX:  -40.234375000    AVG:  -40.234375000
EPOCH: 60 MAX:  -40.234375000    AVG:  -40.234375000
EPOCH: 61 MAX:  -40.234375000    AVG:  -40.234375000
EPOCH: 62 MAX:  -40.234375000    AVG:  -40.234375000
EPOCH: 63 MAX:  -40.234375000    AVG:  -40.234375000
EPOCH: 64 MAX:  -40.234375000    AVG:  -40.234375000
EPOCH: 65 MAX:  -40.234375000    AVG:  -40.234375000
EPOCH: 66 MAX:  -40.234375000    AVG:  -40.234375000
EPOCH: 67 MAX:  -40.234375000    AVG:  -40.234375000
EPOCH: 68 MAX:  -40.234375000    AVG:  -40.234375000
EPOCH: 69 MAX:  -40.234375000    AVG:  -40.234375000
EPOCH: 70 MAX:  -40.234375000    AVG:  -40.234375000
EPOCH: 71 MAX:  -40.234375000    AVG:  -40.234375000
EPOCH: 72 MAX:  -40.234375000    AVG:  -40.234375000
EPOCH: 73 MAX:  -40.234375000    AVG:  -40.234375000
EPOCH: 74 MAX:  -40.234375000    AVG:  -40.234375000
EPOCH: 75 MAX:  -40.234375000    AVG:  -40.234375000
EPOCH: 76 MAX:  -40.234375000    AVG:  -40.234375000
EPOCH: 77 MAX:  -40.234375000    AVG:  -40.234375000
EPOCH: 78 MAX:  -40.234375000    AVG:  -40.234375000
EPOCH: 79 MAX:  -40.234375000    AVG:  -40.234375000
EPOCH: 80 MAX:  -40.234375000    AVG:  -40.234375000
EPOCH: 81 MAX:  -40.234375000    AVG:  -40.234375000
EPOCH: 82 MAX:  -40.234375000    AVG:  -40.234375000
EPOCH: 83 MAX:  -40.234375000    AVG:  -40.234375000
EPOCH: 84 MAX:  -40.234375000    AVG:  -40.234375000
EPOCH: 85 MAX:  -40.234375000    AVG:  -40.234375000
EPOCH: 86 MAX:  -40.234375000    AVG:  -40.234375000
EPOCH: 87 MAX:  -40.234375000    AVG:  -40.234375000
EPOCH: 88 MAX:  -40.234375000    AVG:  -40.234375000
EPOCH: 89 MAX:  -40.234375000    AVG:  -40.234375000
EPOCH: 90 MAX:  -40.234375000    AVG:  -40.234375000
EPOCH: 91 MAX:  -40.234375000    AVG:  -40.234375000
EPOCH: 92 MAX:  -40.234375000    AVG:  -40.234375000
EPOCH: 93 MAX:  -40.234375000    AVG:  -40.234375000
EPOCH: 94 MAX:  -40.234375000    AVG:  -40.234375000
EPOCH: 95 MAX:  -40.234375000    AVG:  -40.234375000
EPOCH: 96 MAX:  -40.234375000    AVG:  -40.234375000
EPOCH: 97 MAX:  -40.234375000    AVG:  -40.234375000
EPOCH: 98 MAX:  -40.234375000    AVG:  -40.234375000
EPOCH: 99 MAX:  -40.234375000    AVG:  -40.234375000
EPOCH: 100 MAX:  -40.234375000    AVG:  -40.234375000
EPOCH: 101 MAX:  -40.234375000    AVG:  -40.234375000
EPOCH: 102 MAX:  -40.234375000    AVG:  -40.234375000
EPOCH: 103 MAX:  -40.234375000    AVG:  -40.234375000
EPOCH: 104 MAX:  -40.234375000    AVG:  -40.234375000
EPOCH: 105 MAX:  -39.843750000    AVG:  -40.232421875
EPOCH: 106 MAX:  -39.843750000    AVG:  -40.232421875
EPOCH: 107 MAX:  -39.843750000    AVG:  -40.232421875
EPOCH: 108 MAX:  -39.843750000    AVG:  -40.224609375
EPOCH: 109 MAX:  -39.843750000    AVG:  -40.201171875
EPOCH: 110 MAX:  -39.843750000    AVG:  -40.158203125
EPOCH: 111 MAX:  -39.843750000    AVG:  -40.029296875
EPOCH: 112 MAX:  -39.843750000    AVG:  -39.843750000
EPOCH: 113 MAX:  -39.843750000    AVG:  -39.843750000
EPOCH: 114 MAX:  -39.843750000    AVG:  -39.843750000
EPOCH: 115 MAX:  -39.843750000    AVG:  -39.843750000
HELPER:  ....
EPOCH: 116 MAX:  -39.843750000    AVG:  -39.843750000
EPOCH: 117 MAX:  -39.843750000    AVG:  -39.843750000
EPOCH: 118 MAX:  -39.843750000    AVG:  -39.843750000
EPOCH: 119 MAX:  -39.843750000    AVG:  -39.843750000
EPOCH: 120 MAX:  -39.843750000    AVG:  -39.843750000
EPOCH: 121 MAX:  -39.843750000    AVG:  -39.843750000
EPOCH: 122 MAX:  -39.843750000    AVG:  -39.843750000
EPOCH: 123 MAX:  -39.843750000    AVG:  -39.843750000
EPOCH: 124 MAX:  -39.843750000    AVG:  -39.843750000
EPOCH: 125 MAX:  -39.843750000    AVG:  -39.843750000
EPOCH: 126 MAX:  -39.843750000    AVG:  -39.843750000
EPOCH: 127 MAX:  -39.843750000    AVG:  -39.843750000
EPOCH: 128 MAX:  -39.843750000    AVG:  -39.843750000
EPOCH: 129 MAX:  -39.843750000    AVG:  -39.843750000
EPOCH: 130 MAX:  -39.843750000    AVG:  -39.843750000
EPOCH: 131 MAX:  -39.843750000    AVG:  -39.843750000
EPOCH: 132 MAX:  -39.843750000    AVG:  -39.843750000
EPOCH: 133 MAX:  -39.843750000    AVG:  -39.843750000
EPOCH: 134 MAX:  -39.843750000    AVG:  -39.843750000
EPOCH: 135 MAX:  -39.843750000    AVG:  -39.843750000
EPOCH: 136 MAX:  -39.843750000    AVG:  -39.843750000
EPOCH: 137 MAX:  -39.843750000    AVG:  -39.843750000
EPOCH: 138 MAX:  -39.843750000    AVG:  -39.843750000
EPOCH: 139 MAX:  -39.843750000    AVG:  -39.843750000
EPOCH: 140 MAX:  -39.843750000    AVG:  -39.843750000
EPOCH: 141 MAX:  -39.843750000    AVG:  -39.843750000
EPOCH: 142 MAX:  -39.843750000    AVG:  -39.843750000
EPOCH: 143 MAX:  -39.843750000    AVG:  -39.843750000
EPOCH: 144 MAX:  -39.843750000    AVG:  -39.843750000
EPOCH: 145 MAX:  -39.843750000    AVG:  -39.843750000
EPOCH: 146 MAX:  -39.843750000    AVG:  -39.843750000
EPOCH: 147 MAX:  -39.843750000    AVG:  -39.843750000
EPOCH: 148 MAX:  -39.843750000    AVG:  -39.843750000
EPOCH: 149 MAX:  -39.843750000    AVG:  -39.843750000
EPOCH: 150 MAX:  -39.843750000    AVG:  -39.843750000
EPOCH: 151 MAX:  -39.843750000    AVG:  -39.843750000
EPOCH: 152 MAX:  -39.843750000    AVG:  -39.843750000
EPOCH: 153 MAX:  -39.843750000    AVG:  -39.843750000
EPOCH: 154 MAX:  -39.843750000    AVG:  -39.843750000
EPOCH: 155 MAX:  -39.843750000    AVG:  -39.843750000
EPOCH: 156 MAX:  -39.843750000    AVG:  -39.843750000
EPOCH: 157 MAX:  -39.843750000    AVG:  -39.843750000
EPOCH: 158 MAX:  -39.843750000    AVG:  -39.843750000
EPOCH: 159 MAX:  -39.843750000    AVG:  -39.843750000
EPOCH: 160 MAX:  -39.453125000    AVG:  -39.841796875
EPOCH: 161 MAX:  -39.453125000    AVG:  -39.839843750
EPOCH: 162 MAX:  -39.453125000    AVG:  -39.839843750
EPOCH: 163 MAX:  -39.453125000    AVG:  -39.824218750
EPOCH: 164 MAX:  -39.453125000    AVG:  -39.810546875
EPOCH: 165 MAX:  -39.453125000    AVG:  -39.732421875
EPOCH: 166 MAX:  -39.453125000    AVG:  -39.533203125
EPOCH: 167 MAX:  -39.453125000    AVG:  -39.453125000
EPOCH: 168 MAX:  -39.453125000    AVG:  -39.453125000
EPOCH: 169 MAX:  -39.453125000    AVG:  -39.453125000
EPOCH: 170 MAX:  -39.453125000    AVG:  -39.453125000
EPOCH: 171 MAX:  -39.453125000    AVG:  -39.453125000
EPOCH: 172 MAX:  -39.453125000    AVG:  -39.453125000
EPOCH: 173 MAX:  -39.453125000    AVG:  -39.453125000
EPOCH: 174 MAX:  -39.453125000    AVG:  -39.453125000
EPOCH: 175 MAX:  -39.453125000    AVG:  -39.453125000
EPOCH: 176 MAX:  -39.453125000    AVG:  -39.453125000
EPOCH: 177 MAX:  -39.453125000    AVG:  -39.453125000
EPOCH: 178 MAX:  -39.453125000    AVG:  -39.453125000
EPOCH: 179 MAX:  -39.453125000    AVG:  -39.453125000
EPOCH: 180 MAX:  -39.453125000    AVG:  -39.453125000
EPOCH: 181 MAX:  -39.453125000    AVG:  -39.453125000
EPOCH: 182 MAX:  -39.453125000    AVG:  -39.453125000
EPOCH: 183 MAX:  -39.453125000    AVG:  -39.453125000
EPOCH: 184 MAX:  -39.453125000    AVG:  -39.453125000
EPOCH: 185 MAX:  -39.453125000    AVG:  -39.453125000
EPOCH: 186 MAX:  -39.453125000    AVG:  -39.453125000
EPOCH: 187 MAX:  -39.453125000    AVG:  -39.453125000
EPOCH: 188 MAX:  -39.453125000    AVG:  -39.453125000
EPOCH: 189 MAX:  -39.453125000    AVG:  -39.453125000
EPOCH: 190 MAX:  -39.453125000    AVG:  -39.453125000
EPOCH: 191 MAX:  -39.453125000    AVG:  -39.453125000
EPOCH: 192 MAX:  -39.453125000    AVG:  -39.453125000
HELPER:  ....
EPOCH: 193 MAX:  -39.453125000    AVG:  -39.453125000
EPOCH: 194 MAX:  -39.453125000    AVG:  -39.453125000
EPOCH: 195 MAX:  -39.453125000    AVG:  -39.453125000
EPOCH: 196 MAX:  -39.453125000    AVG:  -39.453125000
EPOCH: 197 MAX:  -39.453125000    AVG:  -39.453125000
EPOCH: 198 MAX:  -39.453125000    AVG:  -39.453125000
EPOCH: 199 MAX:  -39.453125000    AVG:  -39.453125000
EPOCH: 200 MAX:  -39.453125000    AVG:  -39.453125000
EPOCH: 201 MAX:  -39.453125000    AVG:  -39.453125000
EPOCH: 202 MAX:  -39.453125000    AVG:  -39.453125000
EPOCH: 203 MAX:  -39.453125000    AVG:  -39.453125000
EPOCH: 204 MAX:  -39.453125000    AVG:  -39.453125000
EPOCH: 205 MAX:  -39.453125000    AVG:  -39.453125000
EPOCH: 206 MAX:  -39.453125000    AVG:  -39.453125000
EPOCH: 207 MAX:  -39.453125000    AVG:  -39.453125000
EPOCH: 208 MAX:  -39.453125000    AVG:  -39.453125000
EPOCH: 209 MAX:  -39.453125000    AVG:  -39.453125000
EPOCH: 210 MAX:  -39.453125000    AVG:  -39.453125000
EPOCH: 211 MAX:  -39.453125000    AVG:  -39.453125000
EPOCH: 212 MAX:  -39.453125000    AVG:  -39.453125000
EPOCH: 213 MAX:  -39.453125000    AVG:  -39.453125000
EPOCH: 214 MAX:  -39.453125000    AVG:  -39.453125000
EPOCH: 215 MAX:  -39.453125000    AVG:  -39.453125000
EPOCH: 216 MAX:  -39.453125000    AVG:  -39.453125000
EPOCH: 217 MAX:  -39.453125000    AVG:  -39.453125000
EPOCH: 218 MAX:  -39.453125000    AVG:  -39.453125000
EPOCH: 219 MAX:  -39.453125000    AVG:  -39.453125000
EPOCH: 220 MAX:  -39.453125000    AVG:  -39.453125000
EPOCH: 221 MAX:  -39.453125000    AVG:  -39.453125000
EPOCH: 222 MAX:  -39.453125000    AVG:  -39.453125000
EPOCH: 223 MAX:  -39.453125000    AVG:  -39.453125000
EPOCH: 224 MAX:  -39.453125000    AVG:  -39.453125000
EPOCH: 225 MAX:  -39.453125000    AVG:  -39.453125000
EPOCH: 226 MAX:  -39.453125000    AVG:  -39.453125000
EPOCH: 227 MAX:  -39.453125000    AVG:  -39.453125000
EPOCH: 228 MAX:  -39.453125000    AVG:  -39.453125000
EPOCH: 229 MAX:  -39.453125000    AVG:  -39.453125000
EPOCH: 230 MAX:  -39.453125000    AVG:  -39.453125000
EPOCH: 231 MAX:  -39.453125000    AVG:  -39.453125000
EPOCH: 232 MAX:  -39.453125000    AVG:  -39.453125000
EPOCH: 233 MAX:  -39.453125000    AVG:  -39.453125000
EPOCH: 234 MAX:  -39.453125000    AVG:  -39.453125000
EPOCH: 235 MAX:  -39.453125000    AVG:  -39.453125000
EPOCH: 236 MAX:  -39.453125000    AVG:  -39.453125000
EPOCH: 237 MAX:  -39.453125000    AVG:  -39.453125000
EPOCH: 238 MAX:  -39.062500000    AVG:  -39.451171875
EPOCH: 239 MAX:  -39.062500000    AVG:  -39.449218750
EPOCH: 240 MAX:  -39.062500000    AVG:  -39.437500000
EPOCH: 241 MAX:  -39.062500000    AVG:  -39.400390625
EPOCH: 242 MAX:  -39.062500000    AVG:  -39.337890625
EPOCH: 243 MAX:  -39.062500000    AVG:  -39.162109375
EPOCH: 244 MAX:  -39.062500000    AVG:  -39.062500000
EPOCH: 245 MAX:  -39.062500000    AVG:  -39.062500000
EPOCH: 246 MAX:  -39.062500000    AVG:  -39.062500000
EPOCH: 247 MAX:  -39.062500000    AVG:  -39.062500000
EPOCH: 248 MAX:  -39.062500000    AVG:  -39.062500000
EPOCH: 249 MAX:  -39.062500000    AVG:  -39.062500000
EPOCH: 250 MAX:  -39.062500000    AVG:  -39.062500000
EPOCH: 251 MAX:  -39.062500000    AVG:  -39.062500000
EPOCH: 252 MAX:  -39.062500000    AVG:  -39.062500000
EPOCH: 253 MAX:  -39.062500000    AVG:  -39.062500000
EPOCH: 254 MAX:  -39.062500000    AVG:  -39.062500000
EPOCH: 255 MAX:  -39.062500000    AVG:  -39.062500000
EPOCH: 256 MAX:  -39.062500000    AVG:  -39.062500000
EPOCH: 257 MAX:  -39.062500000    AVG:  -39.062500000
EPOCH: 258 MAX:  -39.062500000    AVG:  -39.062500000
EPOCH: 259 MAX:  -39.062500000    AVG:  -39.062500000
EPOCH: 260 MAX:  -39.062500000    AVG:  -39.062500000
EPOCH: 261 MAX:  -39.062500000    AVG:  -39.062500000
EPOCH: 262 MAX:  -39.062500000    AVG:  -39.062500000
EPOCH: 263 MAX:  -39.062500000    AVG:  -39.062500000
EPOCH: 264 MAX:  -39.062500000    AVG:  -39.062500000
EPOCH: 265 MAX:  -39.062500000    AVG:  -39.062500000
EPOCH: 266 MAX:  -39.062500000    AVG:  -39.062500000
EPOCH: 267 MAX:  -39.062500000    AVG:  -39.062500000
EPOCH: 268 MAX:  -39.062500000    AVG:  -39.062500000
EPOCH: 269 MAX:  -39.062500000    AVG:  -39.062500000
HELPER:  ....
---------------------------
CH: 0 465.000000000
CH: 1 276.000000000
CH: 2 511.000000000
CH: 3 619.000000000
CH: 4 198.000000000
CH: 5 118.000000000
CH: 6 617.000000000
CH: 7 406.000000000
CH: 8 459.000000000
CH: 9 238.000000000
CH: 10 135.000000000
CH: 11 563.000000000
CH: 12 13.000000000
CH: 13 13.000000000
CH: 14 134.000000000
CH: 15 441.000000000
CH: 16 166.000000000
CH: 17 462.000000000
CH: 18 364.000000000
CH: 19 230.000000000
CH: 20 239.000000000
CH: 21 302.000000000
CH: 22 119.000000000
CH: 23 267.000000000
CH: 24 479.000000000
CH: 25 226.000000000
CH: 26 147.000000000
CH: 27 105.000000000
CH: 28 92.000000000
CH: 29 6.000000000
CH: 30 68.000000000
CH: 31 239.000000000
CH: 32 241.000000000
CH: 33 68.000000000
CH: 34 511.000000000
CH: 35 104.000000000
CH: 36 186.000000000
CH: 37 207.000000000
CH: 38 138.000000000
CH: 39 408.000000000
CH: 40 546.000000000
CH: 41 319.000000000
CH: 42 387.000000000
CH: 43 236.000000000
CH: 44 454.000000000
CH: 45 462.000000000
CH: 46 398.000000000
CH: 47 511.000000000
CH: 48 213.000000000
CH: 49 342.000000000
CH: 50 393.000000000
CH: 51 152.000000000
CH: 52 4.000000000
CH: 53 349.000000000
CH: 54 190.000000000
CH: 55 465.000000000
CH: 56 527.000000000
CH: 57 431.000000000
CH: 58 235.000000000
CH: 59 533.000000000
CH: 60 400.000000000
CH: 61 177.000000000
CH: 62 54.000000000
CH: 63 67.000000000
CH: 64 512.000000000
CH: 65 82.000000000
CH: 66 440.000000000
CH: 67 342.000000000
CH: 68 323.000000000
CH: 69 484.000000000
CH: 70 518.000000000
CH: 71 262.000000000
CH: 72 343.000000000
CH: 73 619.000000000
CH: 74 415.000000000
CH: 75 343.000000000
CH: 76 309.000000000
CH: 77 365.000000000
CH: 78 525.000000000
CH: 79 425.000000000
CH: 80 150.000000000
CH: 81 476.000000000
CH: 82 387.000000000
CH: 83 64.000000000
CH: 84 446.000000000
CH: 85 104.000000000
CH: 86 422.000000000
CH: 87 90.000000000
CH: 88 565.000000000
CH: 89 152.000000000
CH: 90 527.000000000
CH: 91 551.000000000
CH: 92 197.000000000
CH: 93 454.000000000
CH: 94 514.000000000
CH: 95 242.000000000
CH: 96 56.000000000
CH: 97 115.000000000
CH: 98 441.000000000
CH: 99 276.000000000
CH: 100 73.000000000
CH: 101 516.000000000
CH: 102 306.000000000
CH: 103 590.000000000
CH: 104 108.000000000
CH: 105 398.000000000
CH: 106 364.000000000
CH: 107 638.000000000
CH: 108 470.000000000
CH: 109 108.000000000
CH: 110 28.000000000
CH: 111 453.000000000
CH: 112 134.000000000
CH: 113 65.000000000
CH: 114 546.000000000
CH: 115 381.000000000
CH: 116 173.000000000
CH: 117 437.000000000
CH: 118 238.000000000
CH: 119 354.000000000
CH: 120 73.000000000
CH: 121 561.000000000
CH: 122 297.000000000
CH: 123 111.000000000
CH: 124 173.000000000
CH: 125 147.000000000
CH: 126 569.000000000
CH: 127 150.000000000





END ------------------------
ERROR: 0.000000000
NUM OF COLORS USED = 101
