GRAPH IS : 
0 0 0 0 0 0 0 0 0 0 0 0 0 0 0 0 0 0 0 0 0 0 0 0 0 0 0 0 0 0 0 0 0 0 0 0 0 0 0 0 0 0 0 0 0 0 0 0 0 0 0 0 0 0 0 0 0 0 0 0 0 0 0 0 0 0 0 0 0 0 0 0 0 0 0 0 0 0 0 0 0 0 0 0 0 0 0 0 0 0 0 0 0 0 0 0 0 0 0 0 0 0 0 0 0 0 0 0 0 0 0 0 0 0 0 0 0 0 0 0 0 0 0 0 0 0 0 0 
0 0 0 0 0 0 0 0 1 0 0 0 1 0 0 0 1 0 0 1 0 0 0 1 0 0 0 1 1 0 0 1 1 1 0 0 0 1 0 1 0 0 0 1 1 0 0 1 0 0 0 0 0 0 0 1 0 1 0 0 0 0 1 0 1 1 0 1 1 0 1 0 1 1 1 0 1 0 1 1 1 0 0 0 0 0 0 0 1 0 1 1 1 0 0 0 0 1 1 0 1 0 1 1 0 1 0 0 1 1 1 0 0 0 1 0 0 1 0 1 1 0 1 0 0 1 0 0 
0 0 0 0 0 0 1 1 1 0 1 0 0 1 1 0 0 0 0 1 1 0 1 1 1 1 0 1 1 0 1 0 0 0 0 0 1 0 1 0 0 1 0 1 0 1 1 0 0 0 0 0 1 1 0 0 1 0 1 0 1 1 1 0 1 0 1 1 1 1 1 1 0 1 0 1 1 0 0 0 0 0 1 1 1 0 1 0 1 1 0 1 1 1 1 1 1 0 0 1 1 1 0 0 0 0 1 1 1 0 1 1 0 1 1 1 1 0 1 0 0 0 1 1 0 0 1 1 
0 0 0 0 1 1 0 0 0 1 0 1 1 0 0 1 1 1 1 0 0 1 0 0 0 0 1 0 0 1 0 0 1 1 1 1 0 1 0 0 1 0 1 0 0 0 0 0 1 1 1 0 0 0 1 0 0 0 0 1 0 0 0 1 0 0 0 0 0 0 0 0 0 0 0 0 0 1 0 0 0 1 0 0 0 1 0 1 0 0 0 0 0 0 0 0 0 0 0 0 0 0 0 0 1 0 0 0 0 0 0 0 0 0 0 0 0 0 0 0 0 1 0 0 1 0 0 0 
0 0 0 1 0 1 0 0 0 1 0 1 0 0 0 1 0 1 1 0 0 1 0 0 0 0 1 0 0 1 0 0 0 0 0 0 0 0 0 0 1 0 1 0 0 0 0 0 1 1 1 0 0 0 1 0 0 0 0 1 0 0 0 1 0 0 0 0 0 0 0 0 0 0 0 0 0 1 0 0 0 1 0 0 0 1 0 1 0 0 0 0 0 0 0 0 0 0 0 0 0 0 0 0 1 0 0 0 0 0 0 0 1 0 0 0 0 0 0 0 0 0 0 0 1 0 0 0 
0 0 0 1 1 0 0 0 0 1 0 1 1 0 0 1 1 0 1 0 0 1 0 0 0 0 1 0 0 1 0 0 1 1 0 1 0 1 0 0 1 0 1 0 0 0 0 1 1 1 1 0 0 0 1 0 0 0 0 1 0 0 0 1 0 0 0 0 0 0 0 0 0 0 1 0 0 1 0 0 0 1 0 0 0 1 0 1 0 0 0 0 0 0 0 0 0 0 0 0 0 0 1 0 1 0 0 0 0 0 0 0 1 0 0 0 0 1 0 0 0 1 0 0 1 0 0 0 
0 0 1 0 0 0 0 0 1 0 1 0 0 1 0 0 0 0 0 0 1 0 0 1 1 0 0 1 1 0 1 0 0 0 0 0 0 0 1 0 0 1 0 0 0 1 0 0 0 0 0 0 1 1 0 1 1 1 0 0 1 0 1 0 1 0 1 1 1 1 1 1 0 0 0 1 1 0 0 0 0 0 0 0 1 0 0 0 1 1 0 1 1 1 0 1 1 0 1 0 0 0 0 1 0 0 1 1 1 0 1 1 0 1 0 1 1 0 0 0 0 0 1 1 0 0 1 1 
0 0 1 0 0 0 0 0 1 0 1 0 0 0 1 0 0 0 0 1 1 0 1 0 1 1 0 1 1 0 1 0 0 0 0 0 1 0 1 1 0 1 0 1 0 1 1 0 0 0 0 1 1 1 0 0 0 0 1 0 0 1 1 0 1 1 1 0 1 1 0 0 0 1 1 1 1 0 1 1 0 0 1 1 0 0 1 0 1 0 1 1 1 1 1 0 0 1 0 1 1 1 1 0 0 1 0 1 1 0 1 1 0 1 1 1 1 1 1 0 0 0 1 1 0 1 1 1 
0 1 1 0 0 0 1 1 0 0 1 0 0 1 1 0 1 0 0 1 1 0 0 0 1 1 0 1 1 0 1 0 0 1 0 0 1 0 1 1 0 1 0 1 0 1 1 0 0 0 0 1 1 1 0 1 0 1 1 0 0 1 1 0 1 1 1 1 1 1 1 1 0 1 1 1 1 0 1 1 1 0 1 1 1 0 1 0 1 1 1 1 1 1 1 0 1 1 1 1 1 1 1 1 0 1 0 1 1 1 1 1 0 1 1 1 1 1 1 0 0 0 1 1 0 1 1 1 
0 0 0 1 1 1 0 0 0 0 0 1 0 0 0 1 0 1 1 0 0 1 0 0 0 0 1 0 0 1 0 0 0 0 0 0 0 0 0 0 1 0 1 0 0 0 0 0 1 1 1 0 0 0 1 0 0 0 0 1 0 0 0 1 0 0 0 0 0 0 0 0 0 0 0 0 0 1 0 0 0 1 0 0 0 1 0 1 0 0 0 0 0 0 0 0 0 0 0 0 0 0 0 0 1 0 0 0 0 0 0 0 1 0 0 0 0 0 0 0 0 0 0 0 1 0 0 0 
0 0 1 0 0 0 1 1 1 0 0 0 0 1 1 0 0 0 0 1 1 0 1 1 1 1 0 1 1 0 1 0 0 0 0 0 1 0 1 0 0 1 0 1 0 1 1 0 0 0 0 0 1 1 0 0 1 0 1 0 1 1 1 0 1 0 1 0 1 1 1 1 0 1 0 1 1 0 0 0 0 0 1 1 1 0 1 0 1 1 0 1 1 1 1 0 1 0 0 1 1 0 0 0 0 0 0 1 0 0 1 1 0 1 1 1 1 0 1 0 0 0 1 1 0 0 1 1 
0 0 0 1 1 1 0 0 0 1 0 0 0 0 0 0 0 1 1 0 0 1 0 0 0 0 1 0 0 0 0 0 0 0 0 1 0 0 0 0 1 0 1 0 0 0 0 0 0 1 1 0 0 0 0 0 0 0 0 1 0 0 0 1 0 0 0 0 0 0 0 0 0 0 0 0 0 0 0 0 0 1 0 0 0 1 0 0 0 0 0 0 0 0 0 0 0 0 0 0 0 0 0 0 1 0 0 0 0 0 0 0 0 0 0 0 0 0 0 0 0 0 0 0 1 0 0 0 
0 1 0 1 0 1 0 0 0 0 0 0 0 0 0 0 1 0 0 0 0 0 0 0 0 0 0 1 0 1 0 1 1 1 0 1 0 1 0 1 0 0 0 0 1 0 0 1 1 0 0 0 0 0 0 1 0 1 0 0 0 0 0 0 0 0 0 1 0 0 0 0 1 0 1 0 0 0 1 1 1 0 0 0 0 0 0 1 0 0 1 0 0 0 0 0 0 1 1 0 0 0 1 1 0 1 0 0 1 1 1 0 1 0 1 0 0 1 0 1 1 1 0 0 0 1 0 0 
0 0 1 0 0 0 1 0 1 0 1 0 0 0 0 0 0 0 0 0 1 0 0 1 1 1 0 1 1 0 1 0 0 0 0 0 0 0 1 0 0 1 0 0 0 1 0 0 0 0 0 0 1 1 0 1 1 1 1 0 1 1 1 0 1 0 1 1 1 1 1 1 0 0 0 1 1 0 0 0 0 0 1 0 1 0 1 0 1 1 0 1 1 1 1 1 1 0 0 0 0 0 0 1 0 0 1 1 1 0 0 1 0 1 0 1 1 0 0 0 0 0 1 1 0 0 1 1 
0 0 1 0 0 0 0 1 1 0 1 0 0 0 0 0 0 0 0 1 1 0 0 0 1 1 0 1 1 0 1 0 0 0 0 0 0 0 1 1 0 0 0 1 0 1 1 0 0 0 0 1 1 1 0 0 0 0 1 0 0 0 1 0 0 1 1 0 1 1 0 0 0 1 1 1 1 0 1 1 0 0 1 1 0 0 1 0 1 0 1 1 1 1 1 0 0 1 0 1 1 1 0 0 0 1 0 1 1 0 1 0 0 1 1 1 1 1 1 0 0 0 0 1 0 1 1 1 
0 0 0 1 1 1 0 0 0 1 0 0 0 0 0 0 0 0 1 0 0 1 0 0 0 0 1 0 0 1 0 0 0 0 0 0 0 1 0 0 1 0 0 0 0 0 0 0 1 1 0 0 0 0 1 0 0 0 0 1 0 0 0 0 0 0 0 0 0 0 0 0 0 0 0 0 0 1 0 0 0 0 0 0 0 0 0 0 0 0 0 0 0 0 0 0 0 0 0 0 0 0 0 0 1 0 0 0 0 0 0 0 1 0 0 0 0 0 0 0 0 0 0 0 1 0 0 0 
0 1 0 1 0 1 0 0 1 0 0 0 1 0 0 0 0 0 0 1 0 0 0 0 0 0 0 1 0 0 0 1 1 1 1 1 0 1 0 1 0 0 0 1 1 0 0 1 1 0 0 1 0 0 0 0 0 0 0 0 0 0 0 0 0 1 0 0 0 0 0 0 0 1 1 0 0 0 1 1 1 0 0 0 0 0 0 1 0 0 1 0 0 0 0 0 0 1 1 0 1 1 1 0 0 1 0 0 1 1 1 0 0 0 1 0 0 1 0 0 1 1 0 0 0 1 0 0 
0 0 0 1 1 0 0 0 0 1 0 1 0 0 0 0 0 0 0 0 0 1 0 0 0 0 0 0 0 0 0 0 0 0 0 0 0 0 0 0 0 0 1 0 0 0 0 0 0 1 1 0 0 0 0 0 0 0 0 1 0 0 0 1 0 0 0 0 0 0 0 0 0 0 0 0 0 0 0 0 0 1 0 0 0 1 0 0 0 0 0 0 0 0 0 0 0 0 0 0 0 0 0 0 1 0 0 0 0 0 0 0 0 0 0 0 0 0 0 0 0 0 0 0 0 0 0 0 
0 0 0 1 1 1 0 0 0 1 0 1 0 0 0 1 0 0 0 0 0 1 0 0 0 0 1 0 0 1 0 0 0 0 0 0 0 0 0 0 1 0 1 0 0 0 0 0 1 1 1 0 0 0 1 0 0 0 0 1 0 0 0 1 0 0 0 0 0 0 0 0 0 0 0 0 0 1 0 0 0 1 0 0 0 1 0 1 0 0 0 0 0 0 0 0 0 0 0 0 0 0 0 0 1 0 0 0 0 0 0 0 1 0 0 0 0 0 0 0 0 0 0 0 1 0 0 0 
0 1 1 0 0 0 0 1 1 0 1 0 0 0 1 0 1 0 0 0 1 0 0 0 0 0 0 1 1 0 1 0 0 1 1 0 0 0 0 1 0 0 0 1 0 1 0 0 0 0 0 1 1 0 0 0 0 0 1 0 0 0 1 0 1 1 1 1 1 1 0 0 0 1 1 1 1 0 1 1 1 0 0 1 0 0 0 0 1 0 1 1 1 0 1 0 0 1 0 1 1 1 1 0 0 1 0 1 1 1 1 0 0 1 1 1 0 1 0 0 0 1 1 1 0 1 1 0 
0 0 1 0 0 0 1 1 1 0 1 0 0 1 1 0 0 0 0 1 0 0 1 0 1 1 0 1 1 0 1 0 0 0 0 0 1 0 1 1 0 1 0 1 0 1 1 0 0 0 0 0 1 1 0 0 0 0 1 0 0 1 1 0 1 0 1 0 1 1 0 1 0 1 0 1 1 0 0 0 0 0 1 1 1 0 1 0 1 1 0 1 1 1 1 0 1 0 0 1 1 1 0 0 0 0 0 1 0 0 1 1 0 1 1 1 1 0 1 0 0 0 1 1 0 0 1 1 
0 0 0 1 1 1 0 0 0 1 0 1 0 0 0 1 0 1 1 0 0 0 0 0 0 0 1 0 0 1 0 0 0 0 0 0 0 0 0 0 1 0 1 0 0 0 0 0 1 1 1 0 0 0 1 0 0 0 0 1 0 0 0 1 0 0 0 0 0 0 0 0 0 0 0 0 0 1 0 0 0 1 0 0 0 1 0 1 0 0 0 0 0 0 0 0 0 0 0 0 0 0 0 0 1 0 0 0 0 0 0 0 1 0 0 0 0 0 0 0 0 0 0 0 1 0 0 0 
0 0 1 0 0 0 0 1 0 0 1 0 0 0 0 0 0 0 0 0 1 0 0 0 1 1 0 0 1 0 1 0 0 0 0 0 1 0 1 0 0 1 0 0 0 1 1 0 0 0 0 0 1 1 0 0 0 0 1 0 0 1 1 0 0 0 1 0 1 1 0 0 0 0 0 1 0 0 0 0 0 0 1 1 1 0 1 0 0 0 0 1 1 1 1 0 0 0 0 1 0 0 0 0 0 0 0 1 0 0 0 1 0 1 0 1 1 0 1 0 0 0 0 1 0 0 1 1 
0 1 1 0 0 0 1 0 0 0 1 0 0 1 0 0 0 0 0 0 0 0 0 0 1 0 0 1 1 0 0 0 0 0 0 0 0 0 0 0 0 1 0 0 1 1 0 0 0 0 0 0 1 0 0 1 1 1 0 0 1 0 1 0 1 0 1 1 1 0 1 1 1 0 0 1 1 0 0 0 0 0 0 0 1 0 0 0 1 1 0 1 1 1 0 1 1 0 1 0 0 0 0 1 0 0 1 1 1 1 1 1 0 1 0 0 0 0 0 1 0 0 1 1 0 0 1 1 
0 0 1 0 0 0 1 1 1 0 1 0 0 1 1 0 0 0 0 0 1 0 1 1 0 1 0 1 1 0 1 0 0 0 0 0 1 0 1 0 0 1 0 1 0 1 1 0 0 0 0 0 1 1 0 0 0 0 1 0 1 1 1 0 1 0 1 0 1 1 1 1 0 1 0 1 1 0 0 0 0 0 1 1 1 0 1 0 1 1 0 1 1 1 1 0 1 0 0 1 1 0 0 0 0 0 0 1 0 0 0 1 0 1 0 1 1 0 1 0 0 0 1 1 0 0 1 1 
0 0 1 0 0 0 0 1 1 0 1 0 0 1 1 0 0 0 0 0 1 0 1 0 1 0 0 1 1 0 1 0 0 0 0 0 1 0 1 0 0 1 0 1 0 1 1 0 0 0 0 0 1 1 0 0 0 0 1 0 0 1 1 0 0 0 1 0 1 1 0 1 0 1 0 1 1 0 0 0 0 0 1 1 1 0 1 0 1 0 0 1 1 1 1 0 1 0 0 1 1 0 0 0 0 0 0 1 0 0 0 1 0 1 0 1 1 0 1 0 0 0 0 1 0 0 1 1 
0 0 0 1 1 1 0 0 0 1 0 1 0 0 0 1 0 0 1 0 0 1 0 0 0 0 0 0 0 1 0 0 0 0 0 0 0 0 0 0 1 0 1 0 0 0 0 0 1 1 1 0 0 0 1 0 0 0 0 1 0 0 0 1 0 0 0 0 0 0 0 0 0 0 0 0 0 1 0 0 0 1 0 0 0 1 0 1 0 0 0 0 0 0 0 0 0 0 0 0 0 0 0 0 1 0 0 0 0 0 0 0 1 0 0 0 0 0 0 0 0 0 0 0 1 0 0 0 
0 1 1 0 0 0 1 1 1 0 1 0 1 1 1 0 1 0 0 1 1 0 0 1 1 1 0 0 1 0 1 1 1 1 0 0 0 0 1 1 0 1 0 1 1 1 1 0 0 0 0 0 1 1 0 1 0 1 1 0 1 0 1 0 1 1 1 1 1 1 1 1 1 1 1 1 1 0 1 1 1 0 0 1 1 0 0 0 1 1 1 1 1 1 1 0 1 1 1 1 1 1 1 1 0 1 0 1 1 1 1 1 0 1 1 1 1 1 0 1 1 0 1 1 0 1 1 1 
0 1 1 0 0 0 1 1 1 0 1 0 0 1 1 0 0 0 0 1 1 0 1 1 1 1 0 1 0 0 1 0 0 0 0 0 1 0 1 1 0 1 0 1 0 1 1 0 0 0 0 0 1 1 0 1 0 0 1 0 0 1 1 0 1 1 1 1 1 1 1 1 0 1 1 1 1 0 1 1 1 0 1 1 1 0 1 0 1 1 1 1 1 1 1 0 1 1 0 1 1 1 1 0 0 1 0 1 1 1 1 1 0 1 1 1 1 1 1 0 0 0 1 1 0 1 1 1 
0 0 0 1 1 1 0 0 0 1 0 0 1 0 0 1 0 0 1 0 0 1 0 0 0 0 1 0 0 0 0 0 1 0 0 0 0 1 0 0 1 0 0 0 0 0 0 1 1 1 0 0 0 0 1 0 0 0 0 1 0 0 0 0 0 0 0 0 0 0 0 0 0 0 0 0 0 1 0 0 0 0 0 0 0 0 0 1 0 0 0 0 0 0 0 0 0 0 0 0 0 0 0 0 1 0 0 0 0 0 0 0 1 0 0 0 0 0 0 0 0 0 0 0 1 0 0 0 
0 0 1 0 0 0 1 1 1 0 1 0 0 1 1 0 0 0 0 1 1 0 1 0 1 1 0 1 1 0 0 0 0 0 0 0 1 0 1 0 0 1 0 1 0 1 1 0 0 0 0 0 1 1 0 0 0 0 1 0 1 1 1 0 1 0 1 0 1 1 1 1 0 1 0 1 1 0 0 0 0 0 1 1 1 0 1 0 1 1 0 1 1 1 1 0 1 0 0 1 1 0 0 0 0 0 0 1 0 0 0 1 0 1 1 1 1 0 1 0 0 0 1 1 0 0 1 1 
0 1 0 0 0 0 0 0 0 0 0 0 1 0 0 0 1 0 0 0 0 0 0 0 0 0 0 1 0 0 0 0 1 1 0 0 0 1 0 1 0 0 0 1 1 0 0 1 0 0 0 0 0 0 0 1 0 1 0 0 0 0 0 0 1 0 0 1 0 0 1 0 1 0 1 0 1 0 1 1 1 0 0 0 0 0 0 0 1 0 1 0 0 0 0 0 0 1 1 0 0 0 1 1 0 1 0 0 1 1 1 0 1 0 1 0 0 1 0 1 1 0 1 0 0 1 0 0 
0 1 0 1 0 1 0 0 0 0 0 0 1 0 0 0 1 0 0 0 0 0 0 0 0 0 0 1 0 1 0 1 0 1 0 1 0 1 0 1 0 0 0 0 1 0 0 1 1 0 0 0 0 0 0 1 0 1 0 0 0 0 0 0 0 1 0 0 0 0 0 0 1 0 1 0 0 0 0 1 1 0 0 0 0 0 0 1 0 0 1 0 0 0 0 0 0 1 1 0 0 0 1 1 0 1 0 0 1 1 1 0 1 0 1 0 0 1 0 0 1 1 0 0 0 0 0 0 
0 1 0 1 0 1 0 0 1 0 0 0 1 0 0 0 1 0 0 1 0 0 0 0 0 0 0 1 0 0 0 1 1 0 1 1 0 1 0 1 0 0 0 1 1 0 0 1 1 0 0 1 0 0 0 1 0 1 0 0 0 0 1 0 0 1 0 0 0 0 0 0 1 1 1 0 1 0 1 1 1 0 0 0 0 0 0 1 1 0 1 1 0 0 0 0 0 1 1 0 1 1 1 1 0 1 0 0 1 1 1 0 1 0 1 0 0 1 0 0 1 1 0 0 0 1 0 0 
0 0 0 1 0 0 0 0 0 0 0 0 0 0 0 0 1 0 0 1 0 0 0 0 0 0 0 0 0 0 0 0 0 1 0 1 0 0 0 1 0 0 0 0 0 0 0 0 0 0 1 1 0 0 0 0 0 0 0 0 0 0 0 1 0 1 0 0 0 0 0 0 0 1 1 0 0 0 1 0 0 1 0 0 0 0 0 1 0 0 0 0 0 0 0 0 0 1 0 0 0 1 0 0 0 1 0 0 0 0 0 0 0 0 1 0 0 1 0 0 0 1 0 0 0 1 0 0 
0 0 0 1 0 1 0 0 0 0 0 1 1 0 0 0 1 0 0 0 0 0 0 0 0 0 0 0 0 0 0 0 1 1 1 0 0 1 0 1 0 0 1 0 0 0 0 1 1 0 1 1 0 0 0 0 0 0 0 0 0 0 0 1 0 1 0 0 0 0 0 0 0 0 1 0 0 0 1 1 1 1 0 0 0 0 0 1 0 0 1 0 0 0 0 0 0 1 0 0 0 0 1 0 0 1 0 0 0 0 0 0 0 0 1 0 0 1 0 0 0 1 0 0 0 1 0 0 
0 0 1 0 0 0 0 1 1 0 1 0 0 0 0 0 0 0 0 0 1 0 1 0 1 1 0 0 1 0 1 0 0 0 0 0 0 0 1 0 0 1 0 0 0 1 1 0 0 0 0 0 1 1 0 0 0 0 1 0 0 1 1 0 0 0 1 0 1 1 0 0 0 0 0 1 0 0 0 0 0 0 1 1 1 0 1 0 1 0 0 1 1 1 1 0 1 0 0 1 0 0 0 0 0 0 0 1 0 0 0 1 0 1 0 1 1 0 1 0 0 0 0 1 0 0 1 1 
0 1 0 1 0 1 0 0 0 0 0 0 1 0 0 1 1 0 0 0 0 0 0 0 0 0 0 0 0 1 0 1 1 1 0 1 0 0 0 0 0 0 0 0 1 0 0 1 1 0 0 0 0 0 1 1 0 1 0 0 0 0 0 0 0 0 0 0 0 0 0 0 1 0 1 0 0 1 0 1 1 0 0 0 0 0 0 1 0 0 1 0 0 0 0 0 0 0 1 0 0 0 1 1 0 1 0 0 1 1 1 0 1 0 0 0 0 1 0 1 1 0 0 0 0 0 0 0 
0 0 1 0 0 0 1 1 1 0 1 0 0 1 1 0 0 0 0 0 1 0 1 0 1 1 0 1 1 0 1 0 0 0 0 0 1 0 0 0 0 1 0 1 0 1 1 0 0 0 0 0 1 1 0 0 0 0 1 0 1 1 1 0 0 0 1 0 1 1 0 1 0 0 0 1 1 0 0 0 0 0 1 1 1 0 1 0 1 1 0 1 1 1 1 0 1 0 0 1 1 0 0 0 0 0 0 1 0 0 0 1 0 1 0 1 1 0 1 0 0 0 1 1 0 0 1 1 
0 1 0 0 0 0 0 1 1 0 0 0 1 0 1 0 1 0 0 1 1 0 0 0 0 0 0 1 1 0 0 1 1 1 1 1 0 0 0 0 0 0 0 1 0 1 0 0 0 0 0 1 1 0 0 1 0 1 0 0 0 0 1 0 1 1 1 0 1 1 0 0 0 1 1 0 1 0 1 1 1 0 0 1 0 0 0 0 1 0 1 1 1 0 1 0 0 1 1 1 1 1 1 1 0 1 0 1 1 1 1 0 0 1 1 1 0 1 0 0 0 1 1 1 0 1 1 0 
0 0 0 1 1 1 0 0 0 1 0 1 0 0 0 1 0 0 1 0 0 1 0 0 0 0 1 0 0 1 0 0 0 0 0 0 0 0 0 0 0 0 1 0 0 0 0 0 1 1 0 0 0 0 1 0 0 0 0 1 0 0 0 0 0 0 0 0 0 0 0 0 0 0 0 0 0 1 0 0 0 1 0 0 0 1 0 0 0 0 0 0 0 0 0 0 0 0 0 0 0 0 0 0 1 0 0 0 0 0 0 0 1 0 0 0 0 0 0 0 0 0 0 0 1 0 0 0 
0 0 1 0 0 0 1 1 1 0 1 0 0 1 0 0 0 0 0 0 1 0 1 1 1 1 0 1 1 0 1 0 0 0 0 0 1 0 1 0 0 0 0 1 0 1 1 0 0 0 0 0 1 1 0 0 1 0 1 0 1 1 1 0 0 0 1 0 1 1 1 1 0 0 0 1 1 0 0 0 0 0 1 1 1 0 1 0 1 1 0 1 1 1 1 0 1 0 0 1 0 0 0 0 0 0 0 1 0 0 0 1 0 1 0 1 1 0 1 0 0 0 1 1 0 0 1 1 
0 0 0 1 1 1 0 0 0 1 0 1 0 0 0 0 0 1 1 0 0 1 0 0 0 0 1 0 0 0 0 0 0 0 0 1 0 0 0 0 1 0 0 0 0 0 0 0 1 1 1 0 0 0 0 0 0 0 0 1 0 0 0 1 0 0 0 0 0 0 0 0 0 0 0 0 0 0 0 0 0 1 0 0 0 1 0 1 0 0 0 0 0 0 0 0 0 0 0 0 0 0 0 0 1 0 0 0 0 0 0 0 0 0 0 0 0 0 0 0 0 0 0 0 1 0 0 0 
0 1 1 0 0 0 0 1 1 0 1 0 0 0 1 0 1 0 0 1 1 0 0 0 1 1 0 1 1 0 1 1 0 1 0 0 0 0 1 1 0 1 0 0 0 1 1 0 0 0 0 1 1 1 0 1 0 1 1 0 0 0 1 0 1 1 1 1 1 1 1 1 0 1 1 1 1 0 1 1 1 0 1 1 0 0 1 0 1 0 1 1 1 1 1 0 1 1 1 1 1 1 1 1 0 1 0 1 1 1 1 1 0 1 1 1 1 1 1 0 0 0 1 1 0 1 1 1 
0 1 0 0 0 0 0 0 0 0 0 0 1 0 0 0 1 0 0 0 0 0 0 1 0 0 0 1 0 0 0 1 1 1 0 0 0 1 0 0 0 0 0 0 0 0 0 1 0 0 0 0 0 0 0 1 0 1 0 0 0 0 0 0 1 0 0 1 0 0 1 1 1 0 1 0 1 0 0 1 1 0 0 0 0 0 0 0 1 1 1 0 0 0 0 0 0 0 1 0 0 0 1 1 0 1 0 0 1 1 1 0 1 0 1 0 0 1 0 1 1 0 1 0 0 0 0 0 
0 0 1 0 0 0 1 1 1 0 1 0 0 1 1 0 0 0 0 1 1 0 1 1 1 1 0 1 1 0 1 0 0 0 0 0 1 0 1 1 0 1 0 1 0 0 1 0 0 0 0 0 1 1 0 0 0 0 1 0 1 1 1 0 1 0 1 0 1 1 1 1 0 1 1 1 1 0 1 1 0 0 1 1 1 0 1 0 1 1 1 1 1 1 1 0 1 0 0 1 1 1 0 0 0 0 0 1 1 0 1 1 0 1 1 1 1 0 1 0 0 0 1 1 0 1 1 1 
0 0 1 0 0 0 0 1 1 0 1 0 0 0 1 0 0 0 0 0 1 0 1 0 1 1 0 1 1 0 1 0 0 0 0 0 1 0 1 0 0 1 0 1 0 1 0 0 0 0 0 0 1 1 0 0 0 0 1 0 0 1 1 0 0 0 1 0 1 1 0 0 0 1 0 1 1 0 0 0 0 0 1 1 1 0 1 0 1 0 0 1 1 1 1 0 1 0 0 1 1 0 0 0 0 0 0 1 0 0 0 1 0 1 0 1 1 0 1 0 0 0 0 1 0 0 1 1 
0 1 0 0 0 1 0 0 0 0 0 0 1 0 0 0 1 0 0 0 0 0 0 0 0 0 0 0 0 1 0 1 1 1 0 1 0 1 0 0 0 0 0 0 1 0 0 0 1 0 0 0 0 0 1 1 0 1 0 0 0 0 0 0 0 0 0 1 0 0 0 0 1 0 1 0 0 1 0 1 1 0 0 0 0 0 0 1 0 0 1 0 0 0 0 0 0 0 1 0 0 0 1 1 0 0 0 0 1 1 1 0 1 0 0 0 0 1 0 1 1 0 0 0 0 0 0 0 
0 0 0 1 1 1 0 0 0 1 0 0 1 0 0 1 1 0 1 0 0 1 0 0 0 0 1 0 0 1 0 0 1 1 0 1 0 1 0 0 1 0 1 0 0 0 0 1 0 1 0 0 0 0 1 0 0 0 0 0 0 0 0 1 0 0 0 0 0 0 0 0 0 0 0 0 0 1 0 0 0 1 0 0 0 0 0 1 0 0 0 0 0 0 0 0 0 0 0 0 0 0 0 0 1 0 0 0 0 0 0 0 1 0 0 0 0 0 0 0 0 0 0 0 1 0 0 0 
0 0 0 1 1 1 0 0 0 1 0 1 0 0 0 1 0 1 1 0 0 1 0 0 0 0 1 0 0 1 0 0 0 0 0 0 0 0 0 0 1 0 1 0 0 0 0 0 1 0 1 0 0 0 1 0 0 0 0 1 0 0 0 1 0 0 0 0 0 0 0 0 0 0 0 0 0 1 0 0 0 1 0 0 0 1 0 0 0 0 0 0 0 0 0 0 0 0 0 0 0 0 0 0 1 0 0 0 0 0 0 0 0 0 0 0 0 0 0 0 0 0 0 0 1 0 0 0 
0 0 0 1 1 1 0 0 0 1 0 1 0 0 0 0 0 1 1 0 0 1 0 0 0 0 1 0 0 0 0 0 0 0 1 1 0 0 0 0 0 0 1 0 0 0 0 0 0 1 0 0 0 0 0 0 0 0 0 1 0 0 0 1 0 0 0 0 0 0 0 0 0 0 0 0 0 0 0 0 0 1 0 0 0 1 0 1 0 0 0 0 0 0 0 0 0 0 0 0 0 0 0 0 1 0 0 0 0 0 0 0 0 0 0 0 0 0 0 0 0 0 0 0 1 0 0 0 
0 0 0 0 0 0 0 1 1 0 0 0 0 0 1 0 1 0 0 1 0 0 0 0 0 0 0 0 0 0 0 0 0 1 1 1 0 0 0 1 0 0 0 1 0 0 0 0 0 0 0 0 0 0 0 0 0 0 0 0 0 0 1 0 0 1 0 0 0 0 0 0 0 1 1 0 0 0 1 1 1 0 0 0 0 0 0 0 0 0 1 1 0 0 0 0 0 1 0 0 1 1 1 0 0 1 0 0 0 0 1 0 0 0 1 0 0 1 0 0 0 1 0 0 0 1 0 0 
0 0 1 0 0 0 1 1 1 0 1 0 0 1 1 0 0 0 0 1 1 0 1 1 1 1 0 1 1 0 1 0 0 0 0 0 1 0 1 1 0 1 0 1 0 1 1 0 0 0 0 0 0 1 0 1 0 0 1 0 0 1 1 0 1 0 1 1 1 1 1 1 0 1 1 1 1 0 1 1 1 0 1 1 1 0 1 0 1 1 1 1 1 1 1 0 1 1 0 1 1 1 1 0 0 1 0 1 1 1 1 1 0 1 1 1 1 1 1 0 0 0 1 1 0 1 1 1 
0 0 1 0 0 0 1 1 1 0 1 0 0 1 1 0 0 0 0 0 1 0 1 0 1 1 0 1 1 0 1 0 0 0 0 0 1 0 1 0 0 1 0 1 0 1 1 0 0 0 0 0 1 0 0 0 0 0 1 0 0 1 1 0 0 0 1 0 1 1 0 1 0 1 0 1 1 0 0 0 0 0 1 1 1 0 1 0 1 0 0 1 1 1 1 0 1 0 0 1 1 0 0 0 0 0 0 1 0 0 0 1 0 1 1 1 1 0 1 0 0 0 0 1 0 0 1 1 
0 0 0 1 1 1 0 0 0 1 0 0 0 0 0 1 0 0 1 0 0 1 0 0 0 0 1 0 0 1 0 0 0 0 0 0 0 1 0 0 1 0 0 0 0 0 0 1 1 1 0 0 0 0 0 0 0 0 0 0 0 0 0 0 0 0 0 0 0 0 0 0 0 0 0 0 0 1 0 0 0 0 0 0 0 0 0 1 0 0 0 0 0 0 0 0 0 0 0 0 0 0 0 0 1 0 0 0 0 0 0 0 1 0 0 0 0 0 0 0 0 0 0 0 1 0 0 0 
0 1 0 0 0 0 1 0 1 0 0 0 1 1 0 0 0 0 0 0 0 0 0 1 0 0 0 1 1 0 0 1 1 1 0 0 0 1 0 1 0 0 0 1 1 0 0 1 0 0 0 0 1 0 0 0 1 1 0 0 1 0 1 0 1 0 0 1 1 0 1 1 1 1 1 1 1 0 1 1 1 0 0 0 0 0 0 0 1 1 1 1 1 0 0 0 1 1 1 0 1 0 1 1 0 1 0 1 1 1 1 0 0 0 1 0 0 1 0 1 1 0 1 0 0 0 0 1 
0 0 1 0 0 0 1 0 0 0 1 0 0 1 0 0 0 0 0 0 0 0 0 1 0 0 0 0 0 0 0 0 0 0 0 0 0 0 0 0 0 1 0 0 0 0 0 0 0 0 0 0 0 0 0 1 0 1 0 0 1 0 0 0 1 0 0 1 0 0 1 1 0 0 0 1 1 0 0 0 0 0 0 0 1 0 0 0 0 1 0 0 0 1 0 1 1 0 0 0 0 0 0 0 0 0 1 1 0 0 0 1 0 1 0 0 0 0 0 0 0 0 1 0 0 0 0 1 
0 1 0 0 0 0 1 0 1 0 0 0 1 1 0 0 0 0 0 0 0 0 0 1 0 0 0 1 0 0 0 1 1 1 0 0 0 1 0 1 0 0 0 1 1 0 0 1 0 0 0 0 0 0 0 1 1 0 0 0 1 0 1 0 1 0 0 1 1 0 1 1 1 0 1 0 1 0 0 1 1 0 0 0 0 0 0 0 1 1 1 1 1 0 0 1 1 0 1 0 1 0 1 1 0 1 0 1 1 1 1 0 0 0 1 0 0 1 0 1 1 0 1 0 0 0 0 1 
0 0 1 0 0 0 0 1 1 0 1 0 0 1 1 0 0 0 0 1 1 0 1 0 1 1 0 1 1 0 1 0 0 0 0 0 1 0 1 0 0 1 0 1 0 1 1 0 0 0 0 0 1 1 0 0 0 0 0 0 0 1 1 0 0 0 1 0 1 1 0 1 0 1 0 1 1 0 0 0 0 0 1 1 1 0 1 0 1 0 0 1 1 1 1 0 1 0 0 1 1 0 0 0 0 0 0 1 0 0 0 1 0 1 1 1 1 0 1 0 0 0 0 1 0 0 1 1 
0 0 0 1 1 1 0 0 0 1 0 1 0 0 0 1 0 1 1 0 0 1 0 0 0 0 1 0 0 1 0 0 0 0 0 0 0 0 0 0 1 0 1 0 0 0 0 0 0 1 1 0 0 0 0 0 0 0 0 0 0 0 0 1 0 0 0 0 0 0 0 0 0 0 0 0 0 1 0 0 0 1 0 0 0 1 0 1 0 0 0 0 0 0 0 0 0 0 0 0 0 0 0 0 1 0 0 0 0 0 0 0 0 0 0 0 0 0 0 0 0 0 0 0 1 0 0 0 
0 0 1 0 0 0 1 0 0 0 1 0 0 1 0 0 0 0 0 0 0 0 0 1 1 0 0 1 0 0 1 0 0 0 0 0 0 0 1 0 0 1 0 0 0 1 0 0 0 0 0 0 0 0 0 1 1 1 0 0 0 0 0 0 1 0 0 1 1 0 1 1 0 0 0 1 1 0 0 0 0 0 0 0 1 0 0 0 1 1 0 0 1 1 0 1 1 0 0 0 0 0 0 1 0 0 1 1 0 0 0 1 0 1 0 0 0 0 0 0 0 0 1 1 0 0 1 1 
0 0 1 0 0 0 0 1 1 0 1 0 0 1 0 0 0 0 0 0 1 0 1 0 1 1 0 0 1 0 1 0 0 0 0 0 1 0 1 0 0 1 0 0 0 1 1 0 0 0 0 0 1 1 0 0 0 0 1 0 0 0 1 0 0 0 1 0 1 1 0 1 0 0 0 1 1 0 0 0 0 0 1 1 1 0 1 0 1 0 0 1 1 1 1 0 1 0 0 1 0 0 0 0 0 0 0 1 0 0 0 1 0 1 0 1 1 0 1 0 0 0 0 1 0 0 1 1 
0 1 1 0 0 0 1 1 1 0 1 0 0 1 1 0 0 0 0 1 1 0 1 1 1 1 0 1 1 0 1 0 0 1 0 0 1 0 1 1 0 1 0 1 0 1 1 0 0 0 0 1 1 1 0 1 0 1 1 0 0 1 0 0 1 1 1 1 1 1 1 1 0 1 1 1 1 0 1 1 1 0 1 1 1 0 1 0 1 1 1 1 1 1 1 0 1 1 1 1 1 1 1 1 0 1 0 1 1 1 1 1 0 1 1 1 1 1 1 0 0 0 1 1 0 1 1 1 
0 0 0 1 1 1 0 0 0 1 0 1 0 0 0 0 0 1 1 0 0 1 0 0 0 0 1 0 0 0 0 0 0 0 1 1 0 0 0 0 0 0 1 0 0 0 0 0 1 1 1 0 0 0 0 0 0 0 0 1 0 0 0 0 0 0 0 0 0 0 0 0 0 0 0 0 0 0 0 0 0 1 0 0 0 1 0 1 0 0 0 0 0 0 0 0 0 0 0 0 0 0 0 0 1 0 0 0 0 0 0 0 0 0 0 0 0 0 0 0 0 1 0 0 1 0 0 0 
0 1 1 0 0 0 1 1 1 0 1 0 0 1 0 0 0 0 0 1 1 0 0 1 1 0 0 1 1 0 1 1 0 0 0 0 0 0 0 1 0 0 0 1 1 1 0 0 0 0 0 0 1 0 0 1 1 1 0 0 1 0 1 0 0 0 1 1 1 1 1 1 1 1 1 1 1 0 1 1 1 0 0 0 1 0 0 0 1 1 1 1 1 1 0 1 1 0 1 1 1 1 1 1 0 1 1 1 1 1 1 1 0 1 1 1 0 1 0 1 1 0 1 1 0 1 1 1 
0 1 0 0 0 0 0 1 1 0 0 0 0 0 1 0 1 0 0 1 0 0 0 0 0 0 0 1 1 0 0 0 1 1 1 1 0 0 0 1 0 0 0 1 0 0 0 0 0 0 0 1 0 0 0 0 0 0 0 0 0 0 1 0 0 0 0 0 1 0 0 0 0 1 1 0 1 0 1 1 1 0 0 0 0 0 0 1 1 0 1 1 0 0 0 0 0 1 0 1 1 1 1 0 0 1 0 0 1 1 1 0 0 0 1 0 0 1 0 0 0 1 0 0 0 1 0 0 
0 0 1 0 0 0 1 1 1 0 1 0 0 1 1 0 0 0 0 1 1 0 1 1 1 1 0 1 1 0 1 0 0 0 0 0 1 0 1 1 0 1 0 1 0 1 1 0 0 0 0 0 1 1 0 0 0 0 1 0 0 1 1 0 1 0 0 1 1 1 1 1 0 1 1 1 1 0 1 1 0 0 1 1 1 0 1 0 1 1 1 1 1 1 1 0 1 1 0 1 1 1 1 0 0 1 0 1 1 1 1 1 0 1 1 1 1 1 1 0 0 0 1 1 0 1 1 1 
0 1 1 0 0 0 1 0 1 0 0 0 1 1 0 0 0 0 0 1 0 0 0 1 0 0 0 1 1 0 0 1 0 0 0 0 0 0 0 0 0 0 0 1 1 0 0 1 0 0 0 0 1 0 0 1 1 1 0 0 1 0 1 0 1 0 1 0 1 0 1 1 1 1 1 1 1 0 0 1 1 0 0 0 1 0 0 0 1 1 1 1 1 0 0 1 1 0 1 1 1 0 1 1 0 0 1 1 1 1 1 1 0 0 1 1 0 1 0 1 1 0 1 1 0 0 1 1 
0 1 1 0 0 0 1 1 1 0 1 0 0 1 1 0 0 0 0 1 1 0 1 1 1 1 0 1 1 0 1 0 0 0 0 0 1 0 1 1 0 1 0 1 0 1 1 0 0 0 0 0 1 1 0 1 0 1 1 0 1 1 1 0 1 1 1 1 0 1 1 1 0 1 1 1 1 0 1 1 1 0 1 1 1 0 1 0 1 1 1 1 1 1 1 0 1 1 1 1 1 1 1 1 0 1 0 1 1 1 1 1 0 1 1 1 1 1 1 0 0 0 1 1 0 1 1 1 
0 0 1 0 0 0 1 1 1 0 1 0 0 1 1 0 0 0 0 1 1 0 1 0 1 1 0 1 1 0 1 0 0 0 0 0 1 0 1 1 0 1 0 1 0 1 1 0 0 0 0 0 1 1 0 0 0 0 1 0 0 1 1 0 1 0 1 0 1 0 1 1 0 1 1 1 1 0 1 1 0 0 1 1 1 0 1 0 1 0 0 1 1 1 1 0 1 0 0 1 1 1 0 0 0 0 0 1 1 0 1 1 0 1 1 1 1 0 1 0 0 0 1 1 0 1 1 1 
0 1 1 0 0 0 1 0 1 0 1 0 0 1 0 0 0 0 0 0 0 0 0 1 1 0 0 1 1 0 1 1 0 0 0 0 0 0 0 0 0 1 0 1 1 1 0 0 0 0 0 0 1 0 0 1 1 1 0 0 1 0 1 0 1 0 1 1 1 1 0 1 1 0 0 1 1 0 0 1 1 0 0 0 1 0 0 0 1 1 1 1 1 1 0 1 1 0 1 1 1 0 1 1 0 0 1 1 1 1 1 1 0 1 1 1 0 0 0 1 1 0 1 1 0 0 1 1 
0 0 1 0 0 0 1 0 1 0 1 0 0 1 0 0 0 0 0 0 1 0 0 1 1 1 0 1 1 0 1 0 0 0 0 0 0 0 1 0 0 1 0 1 1 1 0 0 0 0 0 0 1 1 0 1 1 1 1 0 1 1 1 0 1 0 1 1 1 1 1 0 0 0 0 1 1 0 0 0 0 0 0 0 1 0 1 0 1 1 0 1 1 1 1 1 1 0 1 1 0 0 0 1 0 0 1 1 1 0 1 1 0 1 0 1 1 0 0 0 0 0 1 1 0 0 1 1 
0 1 0 0 0 0 0 0 0 0 0 0 1 0 0 0 0 0 0 0 0 0 0 1 0 0 0 1 0 0 0 1 1 1 0 0 0 1 0 0 0 0 0 0 1 0 0 1 0 0 0 0 0 0 0 1 0 1 0 0 0 0 0 0 1 0 0 1 0 0 1 0 0 0 0 0 0 0 0 1 1 0 0 0 0 0 0 0 0 0 1 0 0 0 0 0 0 0 1 0 0 0 1 1 0 0 0 0 1 1 1 0 1 0 0 0 0 0 0 1 1 0 1 0 0 0 0 0 
0 1 1 0 0 0 0 1 1 0 1 0 0 0 1 0 1 0 0 1 1 0 0 0 1 1 0 1 1 0 1 0 0 1 1 0 0 0 0 1 0 0 0 1 0 1 1 0 0 0 0 1 1 1 0 1 0 0 1 0 0 0 1 0 1 1 1 1 1 1 0 0 0 0 1 1 1 0 1 1 1 0 0 1 0 0 0 0 1 0 1 1 1 0 1 0 0 1 0 1 1 1 1 0 0 1 0 1 1 1 1 0 0 1 1 1 1 1 0 0 0 1 1 1 0 1 1 1 
0 1 0 0 0 1 0 1 1 0 0 0 1 0 1 0 1 0 0 1 0 0 0 0 0 0 0 1 1 0 0 1 1 1 1 1 0 1 0 1 0 0 0 1 1 1 0 1 0 0 0 1 1 0 0 1 0 1 0 0 0 0 1 0 1 1 1 1 1 1 0 0 0 1 0 0 1 0 1 1 1 0 0 0 0 0 0 1 1 0 1 1 1 0 0 0 0 1 1 1 1 1 1 1 0 1 0 0 1 1 1 0 0 0 1 1 0 1 0 0 1 1 0 1 0 1 1 0 
0 0 1 0 0 0 1 1 1 0 1 0 0 1 1 0 0 0 0 1 1 0 1 1 1 1 0 1 1 0 1 0 0 0 0 0 1 0 1 0 0 1 0 1 0 1 1 0 0 0 0 0 1 1 0 1 1 0 1 0 1 1 1 0 1 0 1 1 1 1 1 1 0 1 0 0 1 0 0 1 0 0 1 1 1 0 1 0 1 1 0 1 1 1 1 1 1 0 0 1 1 1 0 0 0 0 1 1 1 0 1 1 0 1 1 1 1 0 1 0 0 0 1 1 0 0 1 1 
0 1 1 0 0 0 1 1 1 0 1 0 0 1 1 0 0 0 0 1 1 0 0 1 1 1 0 1 1 0 1 1 0 1 0 0 0 0 1 1 0 1 0 1 1 1 1 0 0 0 0 0 1 1 0 1 1 1 1 0 1 1 1 0 1 1 1 1 1 1 1 1 0 1 1 1 0 0 1 1 1 0 1 1 1 0 1 0 1 1 1 1 1 1 1 1 1 1 1 1 1 1 1 1 0 1 0 1 1 1 1 1 0 1 1 1 1 1 1 0 0 0 1 1 0 1 1 1 
0 0 0 1 1 1 0 0 0 1 0 0 0 0 0 1 0 0 1 0 0 1 0 0 0 0 1 0 0 1 0 0 0 0 0 0 0 1 0 0 1 0 0 0 0 0 0 1 1 1 0 0 0 0 1 0 0 0 0 1 0 0 0 0 0 0 0 0 0 0 0 0 0 0 0 0 0 0 0 0 0 0 0 0 0 0 0 1 0 0 0 0 0 0 0 0 0 0 0 0 0 0 0 0 1 0 0 0 0 0 0 0 1 0 0 0 0 0 0 0 0 0 0 0 1 0 0 0 
0 1 0 0 0 0 0 1 1 0 0 0 1 0 1 0 1 0 0 1 0 0 0 0 0 0 0 1 1 0 0 1 0 1 1 1 0 0 0 1 0 0 0 1 0 1 0 0 0 0 0 1 1 0 0 1 0 0 0 0 0 0 1 0 1 1 1 0 1 1 0 0 0 1 1 0 1 0 0 1 1 0 0 1 0 0 0 0 1 0 1 1 1 0 0 0 0 1 1 1 1 1 1 0 0 1 0 1 1 1 1 0 0 0 1 1 0 1 0 0 0 1 0 1 0 1 1 0 
0 1 0 0 0 0 0 1 1 0 0 0 1 0 1 0 1 0 0 1 0 0 0 0 0 0 0 1 1 0 0 1 1 1 0 1 0 1 0 1 0 0 0 1 1 1 0 1 0 0 0 1 1 0 0 1 0 1 0 0 0 0 1 0 1 1 1 1 1 1 1 0 1 1 1 1 1 0 1 0 1 0 0 1 0 0 0 1 1 0 1 1 1 0 0 0 0 1 1 1 1 1 1 1 0 1 0 1 1 1 1 0 0 0 1 1 0 1 0 1 1 1 1 1 0 1 1 0 
0 1 0 0 0 0 0 0 1 0 0 0 1 0 0 0 1 0 0 1 0 0 0 0 0 0 0 1 1 0 0 1 1 1 0 1 0 1 0 1 0 0 0 1 1 0 0 1 0 0 0 1 1 0 0 1 0 1 0 0 0 0 1 0 1 1 0 1 1 0 1 0 1 1 1 0 1 0 1 1 0 0 0 0 0 0 0 1 1 0 1 1 1 0 0 0 0 1 1 1 1 1 1 1 0 1 0 0 1 1 1 0 0 0 1 0 0 1 0 1 1 0 1 0 0 1 0 0 
0 0 0 1 1 1 0 0 0 1 0 1 0 0 0 0 0 1 1 0 0 1 0 0 0 0 1 0 0 0 0 0 0 0 1 1 0 0 0 0 1 0 1 0 0 0 0 0 1 1 1 0 0 0 0 0 0 0 0 1 0 0 0 1 0 0 0 0 0 0 0 0 0 0 0 0 0 0 0 0 0 0 0 0 0 1 0 1 0 0 0 0 0 0 0 0 0 0 0 0 0 0 0 0 1 0 0 0 0 0 0 0 0 0 0 0 0 0 0 0 0 0 0 0 1 0 0 0 
0 0 1 0 0 0 0 1 1 0 1 0 0 1 1 0 0 0 0 0 1 0 1 0 1 1 0 0 1 0 1 0 0 0 0 0 1 0 1 0 0 1 0 1 0 1 1 0 0 0 0 0 1 1 0 0 0 0 1 0 0 1 1 0 0 0 1 0 1 1 0 0 0 0 0 1 1 0 0 0 0 0 0 1 1 0 1 0 1 0 0 1 1 1 1 0 1 0 0 1 0 0 0 0 0 0 0 1 0 0 0 1 0 1 0 1 1 0 1 0 0 0 0 1 0 0 1 1 
0 0 1 0 0 0 0 1 1 0 1 0 0 0 1 0 0 0 0 1 1 0 1 0 1 1 0 1 1 0 1 0 0 0 0 0 1 0 1 1 0 1 0 1 0 1 1 0 0 0 0 0 1 1 0 0 0 0 1 0 0 1 1 0 0 0 1 0 1 1 0 0 0 1 0 1 1 0 1 1 0 0 1 0 1 0 1 0 1 0 0 1 1 1 1 0 1 0 0 1 1 1 0 0 0 0 0 1 1 0 1 1 0 1 1 1 1 0 1 0 0 0 0 1 0 1 1 1 
0 0 1 0 0 0 1 0 1 0 1 0 0 1 0 0 0 0 0 0 1 0 1 1 1 1 0 1 1 0 1 0 0 0 0 0 1 0 1 0 0 1 0 0 0 1 1 0 0 0 0 0 1 1 0 0 1 0 1 0 1 1 1 0 1 0 1 1 1 1 1 1 0 0 0 1 1 0 0 0 0 0 1 1 0 0 1 0 1 1 0 1 1 1 1 1 1 0 0 1 0 0 0 0 0 0 1 1 0 0 0 1 0 1 0 1 1 0 1 0 0 0 1 1 0 0 1 1 
0 0 0 1 1 1 0 0 0 1 0 1 0 0 0 0 0 1 1 0 0 1 0 0 0 0 1 0 0 0 0 0 0 0 0 0 0 0 0 0 1 0 1 0 0 0 0 0 0 1 1 0 0 0 0 0 0 0 0 1 0 0 0 1 0 0 0 0 0 0 0 0 0 0 0 0 0 0 0 0 0 1 0 0 0 0 0 0 0 0 0 0 0 0 0 0 0 0 0 0 0 0 0 0 1 0 0 0 0 0 0 0 0 0 0 0 0 0 0 0 0 0 0 0 1 0 0 0 
0 0 1 0 0 0 0 1 1 0 1 0 0 1 1 0 0 0 0 0 1 0 1 0 1 1 0 0 1 0 1 0 0 0 0 0 1 0 1 0 0 1 0 1 0 1 1 0 0 0 0 0 1 1 0 0 0 0 1 0 0 1 1 0 0 0 1 0 1 1 0 1 0 0 0 1 1 0 0 0 0 0 1 1 1 0 0 0 1 0 0 1 1 1 1 0 1 0 0 1 0 0 0 0 0 0 0 1 0 0 0 1 0 1 0 1 1 0 1 0 0 0 0 1 0 0 1 1 
0 0 0 1 1 1 0 0 0 1 0 0 1 0 0 0 1 0 1 0 0 1 0 0 0 0 1 0 0 1 0 0 1 1 1 1 0 1 0 0 0 0 1 0 0 0 0 1 1 0 1 0 0 0 1 0 0 0 0 1 0 0 0 1 0 1 0 0 0 0 0 0 0 0 1 0 0 1 0 1 1 1 0 0 0 0 0 0 0 0 1 0 0 0 0 0 0 1 0 0 0 0 1 0 1 1 0 0 0 0 0 0 1 0 0 0 0 1 0 0 0 1 0 0 1 0 0 0 
0 1 1 0 0 0 1 1 1 0 1 0 0 1 1 0 0 0 0 1 1 0 0 1 1 1 0 1 1 0 1 1 0 1 0 0 1 0 1 1 0 1 0 1 1 1 1 0 0 0 0 0 1 1 0 1 0 1 1 0 1 1 1 0 1 1 1 1 1 1 1 1 0 1 1 1 1 0 1 1 1 0 1 1 1 0 1 0 0 1 1 1 1 1 1 0 1 1 1 1 1 1 1 1 0 1 0 1 1 1 1 1 0 1 1 1 1 1 1 0 0 0 1 1 0 1 1 1 
0 0 1 0 0 0 1 0 1 0 1 0 0 1 0 0 0 0 0 0 1 0 0 1 1 0 0 1 1 0 1 0 0 0 0 0 0 0 1 0 0 1 0 0 1 1 0 0 0 0 0 0 1 0 0 1 1 1 0 0 1 0 1 0 1 0 1 1 1 0 1 1 0 0 0 1 1 0 0 0 0 0 0 0 1 0 0 0 1 0 0 1 1 1 0 1 1 0 1 0 0 0 0 1 0 0 1 1 1 0 1 1 0 1 0 1 1 0 0 1 0 0 1 1 0 0 1 1 
0 1 0 0 0 0 0 1 1 0 0 0 1 0 1 0 1 0 0 1 0 0 0 0 0 0 0 1 1 0 0 1 1 1 0 1 0 1 0 1 0 0 0 1 1 1 0 1 0 0 0 1 1 0 0 1 0 1 0 0 0 0 1 0 1 1 1 1 1 0 1 0 1 1 1 0 1 0 1 1 1 0 0 0 0 0 0 1 1 0 0 1 1 0 0 0 0 1 1 1 1 1 1 1 0 1 0 1 1 1 1 0 0 0 1 1 0 1 0 1 1 1 1 1 0 1 1 0 
0 1 1 0 0 0 1 1 1 0 1 0 0 1 1 0 0 0 0 1 1 0 1 1 1 1 0 1 1 0 1 0 0 1 0 0 1 0 1 1 0 1 0 1 0 1 1 0 0 0 0 1 1 1 0 1 0 1 1 0 0 1 1 0 1 1 1 1 1 1 1 1 0 1 1 1 1 0 1 1 1 0 1 1 1 0 1 0 1 1 1 0 1 1 1 0 1 1 1 1 1 1 1 0 0 1 0 1 1 1 1 1 0 1 1 1 1 1 1 0 0 0 1 1 0 1 1 1 
0 1 1 0 0 0 1 1 1 0 1 0 0 1 1 0 0 0 0 1 1 0 1 1 1 1 0 1 1 0 1 0 0 0 0 0 1 0 1 1 0 1 0 1 0 1 1 0 0 0 0 0 1 1 0 1 0 1 1 0 1 1 1 0 1 0 1 1 1 1 1 1 0 1 1 1 1 0 1 1 1 0 1 1 1 0 1 0 1 1 1 1 0 1 1 0 1 1 1 1 1 1 1 0 0 1 0 1 1 1 1 1 0 1 1 1 1 1 1 0 0 0 1 1 0 1 1 1 
0 0 1 0 0 0 1 1 1 0 1 0 0 1 1 0 0 0 0 0 1 0 1 1 1 1 0 1 1 0 1 0 0 0 0 0 1 0 1 0 0 1 0 1 0 1 1 0 0 0 0 0 1 1 0 0 1 0 1 0 1 1 1 0 1 0 1 0 1 1 1 1 0 0 0 1 1 0 0 0 0 0 1 1 1 0 1 0 1 1 0 1 1 0 1 1 1 0 0 1 1 0 0 0 0 0 1 1 0 0 0 1 0 1 0 1 1 0 1 0 0 0 1 1 0 0 1 1 
0 0 1 0 0 0 0 1 1 0 1 0 0 1 1 0 0 0 0 1 1 0 1 0 1 1 0 1 1 0 1 0 0 0 0 0 1 0 1 1 0 1 0 1 0 1 1 0 0 0 0 0 1 1 0 0 0 0 1 0 0 1 1 0 0 0 1 0 1 1 0 1 0 1 0 1 1 0 0 0 0 0 1 1 1 0 1 0 1 0 0 1 1 1 0 0 1 0 0 1 1 1 0 0 0 0 0 1 0 0 1 1 0 1 1 1 1 0 1 0 0 0 0 1 0 0 1 1 
0 0 1 0 0 0 1 0 0 0 0 0 0 1 0 0 0 0 0 0 0 0 0 1 0 0 0 0 0 0 0 0 0 0 0 0 0 0 0 0 0 0 0 0 0 0 0 0 0 0 0 0 0 0 0 0 1 1 0 0 1 0 0 0 1 0 0 1 0 0 1 1 0 0 0 1 1 0 0 0 0 0 0 0 1 0 0 0 0 1 0 0 0 1 0 0 1 0 0 0 0 0 0 0 0 0 1 1 0 0 0 1 0 0 0 0 0 0 0 0 0 0 1 0 0 0 0 1 
0 0 1 0 0 0 1 0 1 0 1 0 0 1 0 0 0 0 0 0 1 0 0 1 1 1 0 1 1 0 1 0 0 0 0 0 1 0 1 0 0 1 0 1 0 1 1 0 0 0 0 0 1 1 0 1 1 1 1 0 1 1 1 0 1 0 1 1 1 1 1 1 0 0 0 1 1 0 0 0 0 0 1 1 1 0 1 0 1 1 0 1 1 1 1 1 0 0 0 1 0 0 0 0 0 0 1 1 1 0 1 1 0 1 0 1 1 0 1 0 0 0 1 1 0 0 1 1 
0 1 0 0 0 0 0 1 1 0 0 0 1 0 1 0 1 0 0 1 0 0 0 0 0 0 0 1 1 0 0 1 1 1 1 1 0 0 0 1 0 0 0 1 0 0 0 0 0 0 0 1 1 0 0 1 0 0 0 0 0 0 1 0 0 1 1 0 1 0 0 0 0 1 1 0 1 0 1 1 1 0 0 0 0 0 0 1 1 0 1 1 1 0 0 0 0 0 1 1 1 1 1 0 0 1 0 0 1 1 1 0 0 0 1 0 0 1 0 0 0 1 0 0 0 1 0 0 
0 1 0 0 0 0 1 0 1 0 0 0 1 0 0 0 1 0 0 0 0 0 0 1 0 0 0 1 0 0 0 1 1 1 0 0 0 1 0 1 0 0 0 1 1 0 0 1 0 0 0 0 0 0 0 1 0 1 0 0 0 0 1 0 1 0 0 1 1 0 1 1 1 0 1 0 1 0 1 1 1 0 0 0 0 0 0 0 1 1 1 1 1 0 0 0 0 1 0 0 1 0 1 1 0 1 0 0 1 1 1 0 1 0 1 0 0 1 0 1 1 0 1 0 0 1 0 0 
0 0 1 0 0 0 0 1 1 0 1 0 0 0 1 0 0 0 0 1 1 0 1 0 1 1 0 1 1 0 1 0 0 0 0 0 1 0 1 1 0 1 0 1 0 1 1 0 0 0 0 0 1 1 0 0 0 0 1 0 0 1 1 0 1 1 1 1 1 1 1 1 0 1 1 1 1 0 1 1 1 0 1 1 1 0 1 0 1 0 1 1 1 1 1 0 1 1 0 0 1 1 1 0 0 1 0 1 1 1 1 1 0 1 1 1 1 1 1 0 0 0 1 1 0 1 1 1 
0 1 1 0 0 0 0 1 1 0 1 0 0 0 1 0 1 0 0 1 1 0 0 0 1 1 0 1 1 0 1 0 0 1 0 0 0 0 1 1 0 0 0 1 0 1 1 0 0 0 0 1 1 1 0 1 0 1 1 0 0 0 1 0 1 1 1 1 1 1 1 0 0 1 1 1 1 0 1 1 1 0 0 1 0 0 0 0 1 0 1 1 1 1 1 0 0 1 1 1 0 1 1 0 0 1 0 1 1 1 1 0 0 1 1 1 1 1 0 0 0 1 1 1 0 1 1 1 
0 0 1 0 0 0 0 1 1 0 0 0 0 0 1 0 1 0 0 1 1 0 0 0 0 0 0 1 1 0 0 0 0 1 1 0 0 0 0 1 0 0 0 1 0 1 0 0 0 0 0 1 1 0 0 0 0 0 0 0 0 0 1 0 1 1 1 0 1 1 0 0 0 1 1 1 1 0 1 1 1 0 0 1 0 0 0 0 1 0 1 1 1 0 1 0 0 1 0 1 1 0 1 0 0 1 0 1 1 1 1 0 0 1 1 1 0 1 0 0 0 1 0 1 0 1 1 0 
0 1 0 0 0 1 0 1 1 0 0 0 1 0 0 0 1 0 0 1 0 0 0 0 0 0 0 1 1 0 0 1 1 1 0 1 0 1 0 1 0 0 0 1 1 0 0 1 0 0 0 1 1 0 0 1 0 1 0 0 0 0 1 0 1 1 1 1 1 0 1 0 1 1 1 0 1 0 1 1 1 0 0 0 0 0 0 1 1 0 1 1 1 0 0 0 0 1 1 1 1 1 0 1 0 1 0 1 1 1 1 0 0 0 1 0 0 1 0 1 1 1 1 1 0 1 1 0 
0 1 0 0 0 0 1 0 1 0 0 0 1 1 0 0 0 0 0 0 0 0 0 1 0 0 0 1 0 0 0 1 1 1 0 0 0 1 0 1 0 0 0 1 1 0 0 1 0 0 0 0 0 0 0 1 0 1 0 0 1 0 1 0 1 0 0 1 1 0 1 1 1 0 1 0 1 0 0 1 1 0 0 0 0 0 0 0 1 1 1 0 0 0 0 0 0 0 1 0 0 0 1 0 0 1 0 0 1 1 1 0 0 0 1 0 0 1 0 1 1 0 1 0 0 0 0 0 
0 0 0 1 1 1 0 0 0 1 0 1 0 0 0 1 0 1 1 0 0 1 0 0 0 0 1 0 0 1 0 0 0 0 0 0 0 0 0 0 1 0 1 0 0 0 0 0 1 1 1 0 0 0 1 0 0 0 0 1 0 0 0 1 0 0 0 0 0 0 0 0 0 0 0 0 0 1 0 0 0 1 0 0 0 1 0 1 0 0 0 0 0 0 0 0 0 0 0 0 0 0 0 0 0 0 0 0 0 0 0 0 0 0 0 0 0 0 0 0 0 0 0 0 1 0 0 0 
0 1 0 0 0 0 0 1 1 0 0 0 1 0 1 0 1 0 0 1 0 0 0 0 0 0 0 1 1 0 0 1 1 1 1 1 0 1 0 1 0 0 0 1 1 0 0 0 0 0 0 1 1 0 0 1 0 1 0 0 0 0 1 0 1 1 1 0 1 0 0 0 0 1 1 0 1 0 1 1 1 0 0 0 0 0 0 1 1 0 1 1 1 0 0 0 0 1 1 1 1 1 1 1 0 0 0 0 1 1 1 0 0 0 1 1 0 1 0 0 0 1 0 1 0 1 1 0 
0 0 1 0 0 0 1 0 0 0 0 0 0 1 0 0 0 0 0 0 0 0 0 1 0 0 0 0 0 0 0 0 0 0 0 0 0 0 0 0 0 0 0 0 0 0 0 0 0 0 0 0 0 0 0 0 1 0 0 0 1 0 0 0 1 0 0 1 0 0 1 1 0 0 0 1 0 0 0 0 0 0 0 0 1 0 0 0 0 1 0 0 0 1 0 1 1 0 0 0 0 0 0 0 0 0 0 1 0 0 0 1 0 0 0 0 0 0 0 0 0 0 1 0 0 0 0 1 
0 0 1 0 0 0 1 1 1 0 1 0 0 1 1 0 0 0 0 1 1 0 1 1 1 1 0 1 1 0 1 0 0 0 0 0 1 0 1 1 0 1 0 1 0 1 1 0 0 0 0 0 1 1 0 1 1 1 1 0 1 1 1 0 1 0 1 1 1 1 1 1 0 1 0 1 1 0 1 1 0 0 1 1 1 0 1 0 1 1 1 1 1 1 1 1 1 0 0 1 1 1 1 0 0 0 1 0 1 1 1 1 0 1 1 1 1 0 1 0 0 0 1 1 0 0 1 1 
0 1 1 0 0 0 1 1 1 0 0 0 1 1 1 0 1 0 0 1 0 0 0 1 0 0 0 1 1 0 0 1 1 1 0 0 0 1 0 1 0 0 0 1 1 1 0 1 0 0 0 0 1 0 0 1 0 1 0 0 0 0 1 0 1 1 1 1 1 1 1 1 1 1 1 1 1 0 1 1 1 0 0 1 0 0 0 0 1 1 1 1 1 0 0 0 1 1 1 1 1 1 1 1 0 1 0 1 0 1 1 0 0 1 1 1 0 1 0 1 1 0 1 1 0 1 1 1 
0 1 0 0 0 0 0 0 1 0 0 0 1 0 0 0 1 0 0 1 0 0 0 1 0 0 0 1 1 0 0 1 1 1 0 0 0 1 0 1 0 0 0 1 1 0 0 1 0 0 0 0 1 0 0 1 0 1 0 0 0 0 1 0 1 1 1 1 1 0 1 0 1 1 1 0 1 0 1 1 1 0 0 0 0 0 0 0 1 0 1 1 1 0 0 0 0 1 1 1 1 1 1 1 0 1 0 1 1 0 1 0 0 0 1 0 0 1 0 1 1 0 1 1 0 1 1 0 
0 1 1 0 0 0 1 1 1 0 1 0 1 0 1 0 1 0 0 1 1 0 0 1 0 0 0 1 1 0 0 1 1 1 0 0 0 1 0 1 0 0 0 1 1 1 0 1 0 0 0 1 1 0 0 1 0 1 0 0 0 0 1 0 1 1 1 1 1 1 1 1 1 1 1 1 1 0 1 1 1 0 0 1 0 0 0 0 1 1 1 1 1 0 1 0 1 1 1 1 1 1 1 1 0 1 0 1 1 1 0 0 0 1 1 1 0 1 0 1 1 0 1 1 0 1 1 1 
0 0 1 0 0 0 1 1 1 0 1 0 0 1 0 0 0 0 0 0 1 0 1 1 1 1 0 1 1 0 1 0 0 0 0 0 1 0 1 0 0 1 0 1 0 1 1 0 0 0 0 0 1 1 0 0 1 0 1 0 1 1 1 0 1 0 1 1 1 1 1 1 0 0 0 1 1 0 0 0 0 0 1 1 1 0 1 0 1 1 0 1 1 1 1 1 1 0 0 1 0 0 0 0 0 0 1 1 0 0 0 0 0 1 0 1 1 0 1 0 0 0 1 1 0 0 1 1 
0 0 0 0 1 1 0 0 0 1 0 0 1 0 0 1 0 0 1 0 0 1 0 0 0 0 1 0 0 1 0 1 1 1 0 0 0 1 0 0 1 0 0 0 1 0 0 1 1 0 0 0 0 0 1 0 0 0 0 0 0 0 0 0 0 0 0 0 0 0 0 0 1 0 0 0 0 1 0 0 0 0 0 0 0 0 0 1 0 0 0 0 0 0 0 0 0 0 1 0 0 0 0 0 0 0 0 0 0 0 0 0 0 0 0 0 0 0 0 0 1 0 0 0 1 0 0 0 
0 0 1 0 0 0 1 1 1 0 1 0 0 1 1 0 0 0 0 1 1 0 1 1 1 1 0 1 1 0 1 0 0 0 0 0 1 0 1 1 0 1 0 1 0 1 1 0 0 0 0 0 1 1 0 0 1 0 1 0 1 1 1 0 1 0 1 0 1 1 1 1 0 1 0 1 1 0 0 0 0 0 1 1 1 0 1 0 1 1 0 1 1 1 1 0 1 0 0 1 1 1 0 0 0 0 0 1 1 0 1 1 0 0 1 1 1 0 1 0 0 0 1 1 0 0 1 1 
0 1 1 0 0 0 0 1 1 0 1 0 1 0 1 0 1 0 0 1 1 0 0 0 0 0 0 1 1 0 1 1 1 1 1 1 0 0 0 1 0 0 0 1 1 1 0 0 0 0 0 1 1 1 0 1 0 1 1 0 0 0 1 0 1 1 1 1 1 1 1 0 0 1 1 1 1 0 1 1 1 0 0 1 0 0 0 0 1 0 1 1 1 0 1 0 0 1 1 1 1 1 1 1 0 1 0 1 1 1 1 0 0 1 0 1 0 1 0 0 0 1 1 1 0 1 1 1 
0 0 1 0 0 0 1 1 1 0 1 0 0 1 1 0 0 0 0 1 1 0 1 0 1 1 0 1 1 0 1 0 0 0 0 0 1 0 1 1 0 1 0 1 0 1 1 0 0 0 0 0 1 1 0 0 0 0 1 0 0 1 1 0 1 0 1 1 1 1 1 1 0 1 1 1 1 0 1 1 0 0 1 1 1 0 1 0 1 1 1 1 1 1 1 0 1 0 0 1 1 1 0 0 0 1 0 1 1 0 1 1 0 1 1 0 1 1 1 0 0 0 1 1 0 1 1 1 
0 0 1 0 0 0 1 1 1 0 1 0 0 1 1 0 0 0 0 0 1 0 1 0 1 1 0 1 1 0 1 0 0 0 0 0 1 0 1 0 0 1 0 1 0 1 1 0 0 0 0 0 1 1 0 0 0 0 1 0 0 1 1 0 0 0 1 0 1 1 0 1 0 1 0 1 1 0 0 0 0 0 1 1 1 0 1 0 1 1 0 1 1 1 1 0 1 0 0 1 1 0 0 0 0 0 0 1 0 0 0 1 0 1 0 1 0 0 1 0 0 0 0 1 0 0 1 1 
0 1 0 0 0 1 0 1 1 0 0 0 1 0 1 0 1 0 0 1 0 0 0 0 0 0 0 1 1 0 0 1 1 1 1 1 0 1 0 1 0 0 0 1 1 0 0 1 0 0 0 1 1 0 0 1 0 1 0 0 0 0 1 0 1 1 1 1 1 0 0 0 0 1 1 0 1 0 1 1 1 0 0 0 0 0 0 1 1 0 1 1 1 0 0 0 0 1 1 1 1 1 1 1 0 1 0 0 1 1 1 0 0 0 1 1 0 0 0 0 1 1 0 1 0 1 1 0 
0 0 1 0 0 0 0 1 1 0 1 0 0 0 1 0 0 0 0 0 1 0 1 0 1 1 0 0 1 0 1 0 0 0 0 0 1 0 1 0 0 1 0 1 0 1 1 0 0 0 0 0 1 1 0 0 0 0 1 0 0 1 1 0 0 0 1 0 1 1 0 0 0 0 0 1 1 0 0 0 0 0 1 1 1 0 1 0 1 0 0 1 1 1 1 0 1 0 0 1 0 0 0 0 0 0 0 1 0 0 0 1 0 1 0 1 1 0 0 0 0 0 0 1 0 0 1 1 
0 1 0 0 0 0 0 0 0 0 0 0 1 0 0 0 0 0 0 0 0 0 0 1 0 0 0 1 0 0 0 1 0 0 0 0 0 1 0 0 0 0 0 0 1 0 0 1 0 0 0 0 0 0 0 1 0 1 0 0 0 0 0 0 1 0 0 1 0 0 1 0 1 0 0 0 0 0 0 1 1 0 0 0 0 0 0 0 0 1 1 0 0 0 0 0 0 0 1 0 0 0 1 1 0 0 0 0 1 1 1 0 0 0 0 0 0 0 0 0 1 0 1 0 0 0 0 0 
0 1 0 0 0 0 0 0 0 0 0 0 1 0 0 0 1 0 0 0 0 0 0 0 0 0 0 1 0 0 0 1 1 1 0 0 0 1 0 0 0 0 0 0 1 0 0 1 0 0 0 0 0 0 0 1 0 1 0 0 0 0 0 0 1 0 0 1 0 0 1 0 1 0 1 0 0 0 0 1 1 0 0 0 0 0 0 0 0 0 1 0 0 0 0 0 0 0 1 0 0 0 1 1 0 0 0 0 1 1 1 0 1 0 0 0 0 1 0 1 0 0 1 0 0 0 0 0 
0 0 0 1 0 1 0 0 0 0 0 0 1 0 0 0 1 0 0 1 0 0 0 0 0 0 0 0 0 0 0 0 1 1 1 1 0 0 0 1 0 0 0 0 0 0 0 0 0 0 0 1 0 0 0 0 0 0 0 0 0 0 0 1 0 1 0 0 0 0 0 0 0 1 1 0 0 0 1 1 0 0 0 0 0 0 0 1 0 0 1 0 0 0 0 0 0 1 0 0 1 1 1 0 0 1 0 0 0 0 0 0 0 0 1 0 0 1 0 0 0 0 0 0 0 1 0 0 
0 1 1 0 0 0 1 1 1 0 1 0 0 1 0 0 0 0 0 1 1 0 0 1 1 0 0 1 1 0 1 1 0 0 0 0 0 0 1 1 0 1 0 1 1 1 0 0 0 0 0 0 1 0 0 1 1 1 0 0 1 0 1 0 1 0 1 1 1 1 1 1 1 1 0 1 1 0 0 1 1 0 0 0 1 0 0 0 1 1 1 1 1 1 0 1 1 0 1 1 1 0 1 1 0 0 1 1 1 1 1 1 0 1 1 1 0 0 0 1 1 0 0 1 0 0 1 1 
0 0 1 0 0 0 1 1 1 0 1 0 0 1 1 0 0 0 0 1 1 0 1 1 1 1 0 1 1 0 1 0 0 0 0 0 1 0 1 1 0 1 0 1 0 1 1 0 0 0 0 0 1 1 0 0 0 0 1 0 1 1 1 0 1 0 1 1 1 1 1 1 0 1 1 1 1 0 1 1 0 0 1 1 1 0 1 0 1 1 1 1 1 1 1 0 1 0 0 1 1 1 1 0 0 1 0 1 1 1 1 1 0 1 1 1 1 1 1 0 0 0 1 0 0 1 1 1 
0 0 0 1 1 1 0 0 0 1 0 1 0 0 0 1 0 0 1 0 0 1 0 0 0 0 1 0 0 1 0 0 0 0 0 0 0 0 0 0 1 0 1 0 0 0 0 0 1 1 1 0 0 0 1 0 0 0 0 1 0 0 0 1 0 0 0 0 0 0 0 0 0 0 0 0 0 1 0 0 0 1 0 0 0 1 0 1 0 0 0 0 0 0 0 0 0 0 0 0 0 0 0 0 1 0 0 0 0 0 0 0 1 0 0 0 0 0 0 0 0 0 0 0 0 0 0 0 
0 1 0 0 0 0 0 1 1 0 0 0 1 0 1 0 1 0 0 1 0 0 0 0 0 0 0 1 1 0 0 1 0 1 1 1 0 0 0 1 0 0 0 1 0 1 0 0 0 0 0 1 1 0 0 0 0 0 0 0 0 0 1 0 1 1 1 0 1 1 0 0 0 1 1 0 1 0 1 1 1 0 0 1 0 0 0 0 1 0 1 1 1 0 0 0 0 1 1 1 1 1 1 0 0 1 0 0 1 1 1 0 0 0 1 1 0 1 0 0 0 1 0 1 0 0 1 0 
0 0 1 0 0 0 1 1 1 0 1 0 0 1 1 0 0 0 0 1 1 0 1 1 1 1 0 1 1 0 1 0 0 0 0 0 1 0 1 1 0 1 0 1 0 1 1 0 0 0 0 0 1 1 0 0 0 0 1 0 1 1 1 0 1 0 1 1 1 1 1 1 0 1 1 1 1 0 1 1 0 0 1 1 1 0 1 0 1 1 1 1 1 1 1 0 1 0 0 1 1 1 1 0 0 1 0 1 1 1 1 1 0 1 1 1 1 1 1 0 0 0 1 1 0 1 0 1 
0 0 1 0 0 0 1 1 1 0 1 0 0 1 1 0 0 0 0 0 1 0 1 1 1 1 0 1 1 0 1 0 0 0 0 0 1 0 1 0 0 1 0 1 0 1 1 0 0 0 0 0 1 1 0 1 1 1 1 0 1 1 1 0 1 0 1 1 1 1 1 1 0 1 0 1 1 0 0 0 0 0 1 1 1 0 1 0 1 1 0 1 1 1 1 1 1 0 0 1 1 0 0 0 0 0 1 1 1 0 1 1 0 1 1 1 1 0 1 0 0 0 1 1 0 0 1 0 




----------------------------

EPOCH: 0 MAX:  -46.875000000    AVG:  -51.173828125
EPOCH: 1 MAX:  -45.312500000    AVG:  -48.824218750
EPOCH: 2 MAX:  -45.312500000    AVG:  -48.031250000
EPOCH: 3 MAX:  -44.531250000    AVG:  -47.453125000
EPOCH: 4 MAX:  -44.531250000    AVG:  -47.021484375
EPOCH: 5 MAX:  -44.531250000    AVG:  -46.562500000
EPOCH: 6 MAX:  -44.531250000    AVG:  -46.244140625
EPOCH: 7 MAX:  -44.531250000    AVG:  -46.005859375
EPOCH: 8 MAX:  -44.531250000    AVG:  -45.750000000
EPOCH: 9 MAX:  -43.750000000    AVG:  -45.509765625
EPOCH: 10 MAX:  -43.750000000    AVG:  -45.294921875
EPOCH: 11 MAX:  -43.750000000    AVG:  -45.169921875
EPOCH: 12 MAX:  -43.359375000    AVG:  -44.974609375
EPOCH: 13 MAX:  -43.359375000    AVG:  -44.812500000
EPOCH: 14 MAX:  -43.359375000    AVG:  -44.628906250
EPOCH: 15 MAX:  -43.359375000    AVG:  -44.486328125
EPOCH: 16 MAX:  -42.968750000    AVG:  -44.291015625
EPOCH: 17 MAX:  -42.968750000    AVG:  -44.105468750
EPOCH: 18 MAX:  -42.578125000    AVG:  -43.894531250
EPOCH: 19 MAX:  -42.578125000    AVG:  -43.673828125
EPOCH: 20 MAX:  -42.187500000    AVG:  -43.433593750
EPOCH: 21 MAX:  -42.187500000    AVG:  -43.201171875
EPOCH: 22 MAX:  -41.796875000    AVG:  -43.033203125
EPOCH: 23 MAX:  -41.796875000    AVG:  -42.867187500
EPOCH: 24 MAX:  -41.796875000    AVG:  -42.728515625
EPOCH: 25 MAX:  -41.796875000    AVG:  -42.472656250
EPOCH: 26 MAX:  -41.406250000    AVG:  -42.333984375
EPOCH: 27 MAX:  -41.406250000    AVG:  -42.150390625
EPOCH: 28 MAX:  -41.406250000    AVG:  -42.083984375
EPOCH: 29 MAX:  -41.015625000    AVG:  -41.900390625
EPOCH: 30 MAX:  -40.234375000    AVG:  -41.535156250
EPOCH: 31 MAX:  -40.234375000    AVG:  -41.306640625
EPOCH: 32 MAX:  -40.234375000    AVG:  -41.183593750
EPOCH: 33 MAX:  -40.234375000    AVG:  -40.935546875
EPOCH: 34 MAX:  -40.234375000    AVG:  -40.800781250
EPOCH: 35 MAX:  -40.234375000    AVG:  -40.562500000
EPOCH: 36 MAX:  -39.843750000    AVG:  -40.486328125
EPOCH: 37 MAX:  -39.843750000    AVG:  -40.318359375
EPOCH: 38 MAX:  -39.843750000    AVG:  -40.205078125
EPOCH: 39 MAX:  -39.843750000    AVG:  -40.140625000
EPOCH: 40 MAX:  -39.843750000    AVG:  -39.982421875
EPOCH: 41 MAX:  -39.843750000    AVG:  -39.843750000
EPOCH: 42 MAX:  -39.843750000    AVG:  -39.843750000
EPOCH: 43 MAX:  -39.843750000    AVG:  -39.843750000
EPOCH: 44 MAX:  -39.843750000    AVG:  -39.843750000
EPOCH: 45 MAX:  -39.843750000    AVG:  -39.843750000
EPOCH: 46 MAX:  -39.843750000    AVG:  -39.843750000
EPOCH: 47 MAX:  -39.843750000    AVG:  -39.843750000
EPOCH: 48 MAX:  -39.843750000    AVG:  -39.843750000
EPOCH: 49 MAX:  -39.843750000    AVG:  -39.843750000
EPOCH: 50 MAX:  -39.843750000    AVG:  -39.843750000
EPOCH: 51 MAX:  -39.843750000    AVG:  -39.843750000
EPOCH: 52 MAX:  -39.843750000    AVG:  -39.843750000
EPOCH: 53 MAX:  -39.843750000    AVG:  -39.843750000
EPOCH: 54 MAX:  -39.843750000    AVG:  -39.843750000
EPOCH: 55 MAX:  -39.843750000    AVG:  -39.843750000
EPOCH: 56 MAX:  -39.843750000    AVG:  -39.843750000
EPOCH: 57 MAX:  -39.843750000    AVG:  -39.843750000
EPOCH: 58 MAX:  -39.843750000    AVG:  -39.843750000
EPOCH: 59 MAX:  -39.843750000    AVG:  -39.843750000
EPOCH: 60 MAX:  -39.843750000    AVG:  -39.843750000
EPOCH: 61 MAX:  -39.843750000    AVG:  -39.843750000
EPOCH: 62 MAX:  -39.453125000    AVG:  -39.841796875
EPOCH: 63 MAX:  -39.453125000    AVG:  -39.841796875
EPOCH: 64 MAX:  -39.453125000    AVG:  -39.839843750
EPOCH: 65 MAX:  -39.453125000    AVG:  -39.833984375
EPOCH: 66 MAX:  -39.453125000    AVG:  -39.828125000
EPOCH: 67 MAX:  -39.453125000    AVG:  -39.802734375
EPOCH: 68 MAX:  -39.453125000    AVG:  -39.703125000
EPOCH: 69 MAX:  -39.453125000    AVG:  -39.496093750
EPOCH: 70 MAX:  -39.453125000    AVG:  -39.453125000
EPOCH: 71 MAX:  -39.453125000    AVG:  -39.453125000
EPOCH: 72 MAX:  -39.453125000    AVG:  -39.453125000
EPOCH: 73 MAX:  -39.453125000    AVG:  -39.453125000
EPOCH: 74 MAX:  -39.453125000    AVG:  -39.453125000
EPOCH: 75 MAX:  -39.453125000    AVG:  -39.453125000
EPOCH: 76 MAX:  -39.453125000    AVG:  -39.453125000
EPOCH: 77 MAX:  -39.453125000    AVG:  -39.453125000
EPOCH: 78 MAX:  -39.453125000    AVG:  -39.453125000
EPOCH: 79 MAX:  -39.453125000    AVG:  -39.453125000
EPOCH: 80 MAX:  -39.453125000    AVG:  -39.453125000
EPOCH: 81 MAX:  -39.453125000    AVG:  -39.453125000
EPOCH: 82 MAX:  -39.453125000    AVG:  -39.453125000
EPOCH: 83 MAX:  -39.453125000    AVG:  -39.453125000
EPOCH: 84 MAX:  -39.453125000    AVG:  -39.453125000
EPOCH: 85 MAX:  -39.453125000    AVG:  -39.453125000
EPOCH: 86 MAX:  -39.453125000    AVG:  -39.453125000
EPOCH: 87 MAX:  -39.453125000    AVG:  -39.453125000
EPOCH: 88 MAX:  -39.453125000    AVG:  -39.453125000
EPOCH: 89 MAX:  -39.453125000    AVG:  -39.453125000
EPOCH: 90 MAX:  -39.453125000    AVG:  -39.453125000
EPOCH: 91 MAX:  -39.453125000    AVG:  -39.453125000
EPOCH: 92 MAX:  -39.453125000    AVG:  -39.453125000
EPOCH: 93 MAX:  -39.453125000    AVG:  -39.453125000
EPOCH: 94 MAX:  -39.453125000    AVG:  -39.453125000
EPOCH: 95 MAX:  -39.453125000    AVG:  -39.453125000
EPOCH: 96 MAX:  -39.453125000    AVG:  -39.453125000
EPOCH: 97 MAX:  -39.453125000    AVG:  -39.453125000
EPOCH: 98 MAX:  -39.453125000    AVG:  -39.453125000
EPOCH: 99 MAX:  -39.453125000    AVG:  -39.453125000
EPOCH: 100 MAX:  -39.453125000    AVG:  -39.453125000
EPOCH: 101 MAX:  -39.453125000    AVG:  -39.453125000
EPOCH: 102 MAX:  -39.453125000    AVG:  -39.453125000
EPOCH: 103 MAX:  -39.453125000    AVG:  -39.453125000
EPOCH: 104 MAX:  -39.453125000    AVG:  -39.453125000
EPOCH: 105 MAX:  -39.453125000    AVG:  -39.453125000
EPOCH: 106 MAX:  -39.453125000    AVG:  -39.453125000
EPOCH: 107 MAX:  -39.453125000    AVG:  -39.453125000
EPOCH: 108 MAX:  -39.453125000    AVG:  -39.453125000
EPOCH: 109 MAX:  -39.062500000    AVG:  -39.449218750
EPOCH: 110 MAX:  -39.062500000    AVG:  -39.445312500
EPOCH: 111 MAX:  -39.062500000    AVG:  -39.425781250
EPOCH: 112 MAX:  -39.062500000    AVG:  -39.369140625
EPOCH: 113 MAX:  -39.062500000    AVG:  -39.251953125
EPOCH: 114 MAX:  -39.062500000    AVG:  -39.062500000
EPOCH: 115 MAX:  -39.062500000    AVG:  -39.062500000
EPOCH: 116 MAX:  -39.062500000    AVG:  -39.062500000
EPOCH: 117 MAX:  -39.062500000    AVG:  -39.062500000
EPOCH: 118 MAX:  -39.062500000    AVG:  -39.062500000
EPOCH: 119 MAX:  -39.062500000    AVG:  -39.062500000
EPOCH: 120 MAX:  -39.062500000    AVG:  -39.062500000
EPOCH: 121 MAX:  -39.062500000    AVG:  -39.062500000
EPOCH: 122 MAX:  -39.062500000    AVG:  -39.062500000
EPOCH: 123 MAX:  -39.062500000    AVG:  -39.062500000
EPOCH: 124 MAX:  -39.062500000    AVG:  -39.062500000
EPOCH: 125 MAX:  -39.062500000    AVG:  -39.062500000
HELPER:  ....
EPOCH: 126 MAX:  -17.578125000    AVG:  -38.732421875
EPOCH: 127 MAX:  -17.578125000    AVG:  -38.203125000
EPOCH: 128 MAX:  -17.578125000    AVG:  -36.533203125
EPOCH: 129 MAX:  -17.578125000    AVG:  -32.949218750
EPOCH: 130 MAX:  -17.578125000    AVG:  -28.689453125
EPOCH: 131 MAX:  -17.578125000    AVG:  -25.324218750
EPOCH: 132 MAX:  -17.578125000    AVG:  -23.494140625
EPOCH: 133 MAX:  -17.578125000    AVG:  -20.671875000
EPOCH: 134 MAX:  -17.578125000    AVG:  -19.150390625
EPOCH: 135 MAX:  -17.578125000    AVG:  -18.367187500
EPOCH: 136 MAX:  -17.578125000    AVG:  -17.796875000
EPOCH: 137 MAX:  -17.578125000    AVG:  -17.578125000
EPOCH: 138 MAX:  -17.578125000    AVG:  -17.578125000
EPOCH: 139 MAX:  -17.578125000    AVG:  -17.578125000
EPOCH: 140 MAX:  -17.578125000    AVG:  -17.578125000
EPOCH: 141 MAX:  -17.578125000    AVG:  -17.578125000
EPOCH: 142 MAX:  -17.578125000    AVG:  -17.578125000
EPOCH: 143 MAX:  -17.578125000    AVG:  -17.578125000
EPOCH: 144 MAX:  -17.578125000    AVG:  -17.578125000
EPOCH: 145 MAX:  -17.578125000    AVG:  -17.578125000
EPOCH: 146 MAX:  -17.578125000    AVG:  -17.578125000
EPOCH: 147 MAX:  -17.578125000    AVG:  -17.578125000
EPOCH: 148 MAX:  -17.578125000    AVG:  -17.578125000
EPOCH: 149 MAX:  -17.578125000    AVG:  -17.578125000
EPOCH: 150 MAX:  -17.578125000    AVG:  -17.578125000
EPOCH: 151 MAX:  -17.578125000    AVG:  -17.578125000
EPOCH: 152 MAX:  -17.578125000    AVG:  -17.578125000
EPOCH: 153 MAX:  -17.578125000    AVG:  -17.578125000
EPOCH: 154 MAX:  -17.578125000    AVG:  -17.578125000
EPOCH: 155 MAX:  -17.578125000    AVG:  -17.578125000
EPOCH: 156 MAX:  -17.578125000    AVG:  -17.578125000
EPOCH: 157 MAX:  -17.578125000    AVG:  -17.578125000
EPOCH: 158 MAX:  -17.578125000    AVG:  -17.578125000
EPOCH: 159 MAX:  -17.578125000    AVG:  -17.578125000
EPOCH: 160 MAX:  -17.578125000    AVG:  -17.578125000
EPOCH: 161 MAX:  -17.578125000    AVG:  -17.578125000
EPOCH: 162 MAX:  -17.578125000    AVG:  -17.578125000
EPOCH: 163 MAX:  -17.578125000    AVG:  -17.578125000
EPOCH: 164 MAX:  -17.578125000    AVG:  -17.578125000
EPOCH: 165 MAX:  -17.578125000    AVG:  -17.578125000
EPOCH: 166 MAX:  -17.578125000    AVG:  -17.578125000
EPOCH: 167 MAX:  -17.578125000    AVG:  -17.578125000
EPOCH: 168 MAX:  -17.578125000    AVG:  -17.578125000
EPOCH: 169 MAX:  -17.578125000    AVG:  -17.578125000
EPOCH: 170 MAX:  -17.578125000    AVG:  -17.578125000
EPOCH: 171 MAX:  -17.578125000    AVG:  -17.578125000
EPOCH: 172 MAX:  -17.578125000    AVG:  -17.578125000
EPOCH: 173 MAX:  -17.578125000    AVG:  -17.578125000
EPOCH: 174 MAX:  -17.578125000    AVG:  -17.578125000
EPOCH: 175 MAX:  -17.578125000    AVG:  -17.578125000
EPOCH: 176 MAX:  -17.578125000    AVG:  -17.578125000
EPOCH: 177 MAX:  -17.578125000    AVG:  -17.578125000
EPOCH: 178 MAX:  -17.578125000    AVG:  -17.578125000
EPOCH: 179 MAX:  -17.578125000    AVG:  -17.578125000
EPOCH: 180 MAX:  -17.578125000    AVG:  -17.578125000
EPOCH: 181 MAX:  -17.578125000    AVG:  -17.578125000
EPOCH: 182 MAX:  -17.578125000    AVG:  -17.578125000
EPOCH: 183 MAX:  -17.578125000    AVG:  -17.578125000
EPOCH: 184 MAX:  -17.578125000    AVG:  -17.578125000
EPOCH: 185 MAX:  -17.578125000    AVG:  -17.578125000
EPOCH: 186 MAX:  -17.578125000    AVG:  -17.578125000
EPOCH: 187 MAX:  -17.578125000    AVG:  -17.578125000
EPOCH: 188 MAX:  -17.578125000    AVG:  -17.578125000
EPOCH: 189 MAX:  -17.578125000    AVG:  -17.578125000
EPOCH: 190 MAX:  -17.578125000    AVG:  -17.578125000
EPOCH: 191 MAX:  -17.578125000    AVG:  -17.578125000
EPOCH: 192 MAX:  -17.578125000    AVG:  -17.578125000
EPOCH: 193 MAX:  -17.578125000    AVG:  -17.578125000
EPOCH: 194 MAX:  -17.578125000    AVG:  -17.578125000
EPOCH: 195 MAX:  -17.578125000    AVG:  -17.578125000
EPOCH: 196 MAX:  -17.578125000    AVG:  -17.578125000
EPOCH: 197 MAX:  -17.578125000    AVG:  -17.578125000
EPOCH: 198 MAX:  -17.578125000    AVG:  -17.578125000
EPOCH: 199 MAX:  -17.578125000    AVG:  -17.578125000
EPOCH: 200 MAX:  -17.578125000    AVG:  -17.578125000
EPOCH: 201 MAX:  -17.578125000    AVG:  -17.578125000
EPOCH: 202 MAX:  -17.578125000    AVG:  -17.578125000
EPOCH: 203 MAX:  -17.578125000    AVG:  -17.578125000
EPOCH: 204 MAX:  -17.578125000    AVG:  -17.578125000
EPOCH: 205 MAX:  -17.578125000    AVG:  -17.578125000
EPOCH: 206 MAX:  -17.578125000    AVG:  -17.578125000
EPOCH: 207 MAX:  -17.578125000    AVG:  -17.578125000
HELPER:  ....
EPOCH: 208 MAX:  -17.187500000    AVG:  -17.576171875
EPOCH: 209 MAX:  -17.187500000    AVG:  -17.574218750
EPOCH: 210 MAX:  -17.187500000    AVG:  -17.572265625
EPOCH: 211 MAX:  -17.187500000    AVG:  -17.566406250
EPOCH: 212 MAX:  -17.187500000    AVG:  -17.548828125
EPOCH: 213 MAX:  -17.187500000    AVG:  -17.515625000
EPOCH: 214 MAX:  -17.187500000    AVG:  -17.404296875
EPOCH: 215 MAX:  -17.187500000    AVG:  -17.230468750
EPOCH: 216 MAX:  -17.187500000    AVG:  -17.187500000
EPOCH: 217 MAX:  -17.187500000    AVG:  -17.187500000
EPOCH: 218 MAX:  -17.187500000    AVG:  -17.187500000
EPOCH: 219 MAX:  -17.187500000    AVG:  -17.187500000
EPOCH: 220 MAX:  -17.187500000    AVG:  -17.187500000
EPOCH: 221 MAX:  -17.187500000    AVG:  -17.187500000
EPOCH: 222 MAX:  -17.187500000    AVG:  -17.187500000
EPOCH: 223 MAX:  -17.187500000    AVG:  -17.187500000
EPOCH: 224 MAX:  -17.187500000    AVG:  -17.187500000
EPOCH: 225 MAX:  -17.187500000    AVG:  -17.187500000
EPOCH: 226 MAX:  -17.187500000    AVG:  -17.187500000
EPOCH: 227 MAX:  -17.187500000    AVG:  -17.187500000
EPOCH: 228 MAX:  -17.187500000    AVG:  -17.187500000
EPOCH: 229 MAX:  -17.187500000    AVG:  -17.187500000
EPOCH: 230 MAX:  -17.187500000    AVG:  -17.187500000
EPOCH: 231 MAX:  -17.187500000    AVG:  -17.187500000
EPOCH: 232 MAX:  -17.187500000    AVG:  -17.187500000
EPOCH: 233 MAX:  -17.187500000    AVG:  -17.187500000
EPOCH: 234 MAX:  -17.187500000    AVG:  -17.187500000
EPOCH: 235 MAX:  -17.187500000    AVG:  -17.187500000
EPOCH: 236 MAX:  -17.187500000    AVG:  -17.187500000
EPOCH: 237 MAX:  -17.187500000    AVG:  -17.187500000
EPOCH: 238 MAX:  -17.187500000    AVG:  -17.187500000
EPOCH: 239 MAX:  -17.187500000    AVG:  -17.187500000
EPOCH: 240 MAX:  -17.187500000    AVG:  -17.187500000
EPOCH: 241 MAX:  -17.187500000    AVG:  -17.187500000
EPOCH: 242 MAX:  -17.187500000    AVG:  -17.187500000
EPOCH: 243 MAX:  -17.187500000    AVG:  -17.187500000
EPOCH: 244 MAX:  -17.187500000    AVG:  -17.187500000
EPOCH: 245 MAX:  -17.187500000    AVG:  -17.187500000
EPOCH: 246 MAX:  -17.187500000    AVG:  -17.187500000
EPOCH: 247 MAX:  -17.187500000    AVG:  -17.187500000
EPOCH: 248 MAX:  -17.187500000    AVG:  -17.187500000
EPOCH: 249 MAX:  -17.187500000    AVG:  -17.187500000
EPOCH: 250 MAX:  -17.187500000    AVG:  -17.187500000
EPOCH: 251 MAX:  -17.187500000    AVG:  -17.187500000
EPOCH: 252 MAX:  -17.187500000    AVG:  -17.187500000
EPOCH: 253 MAX:  -17.187500000    AVG:  -17.187500000
EPOCH: 254 MAX:  -17.187500000    AVG:  -17.187500000
EPOCH: 255 MAX:  -17.187500000    AVG:  -17.187500000
EPOCH: 256 MAX:  -17.187500000    AVG:  -17.187500000
EPOCH: 257 MAX:  -17.187500000    AVG:  -17.187500000
EPOCH: 258 MAX:  -17.187500000    AVG:  -17.187500000
EPOCH: 259 MAX:  -17.187500000    AVG:  -17.187500000
EPOCH: 260 MAX:  -17.187500000    AVG:  -17.187500000
EPOCH: 261 MAX:  -17.187500000    AVG:  -17.187500000
EPOCH: 262 MAX:  -17.187500000    AVG:  -17.187500000
EPOCH: 263 MAX:  -17.187500000    AVG:  -17.187500000
EPOCH: 264 MAX:  -17.187500000    AVG:  -17.187500000
EPOCH: 265 MAX:  -17.187500000    AVG:  -17.187500000
EPOCH: 266 MAX:  -17.187500000    AVG:  -17.187500000
EPOCH: 267 MAX:  -17.187500000    AVG:  -17.187500000
EPOCH: 268 MAX:  -17.187500000    AVG:  -17.187500000
EPOCH: 269 MAX:  -17.187500000    AVG:  -17.187500000
EPOCH: 270 MAX:  -17.187500000    AVG:  -17.187500000
EPOCH: 271 MAX:  -17.187500000    AVG:  -17.187500000
EPOCH: 272 MAX:  -17.187500000    AVG:  -17.187500000
EPOCH: 273 MAX:  -17.187500000    AVG:  -17.187500000
EPOCH: 274 MAX:  -17.187500000    AVG:  -17.187500000
EPOCH: 275 MAX:  -17.187500000    AVG:  -17.187500000
EPOCH: 276 MAX:  -17.187500000    AVG:  -17.187500000
EPOCH: 277 MAX:  -17.187500000    AVG:  -17.187500000
EPOCH: 278 MAX:  -17.187500000    AVG:  -17.187500000
EPOCH: 279 MAX:  -17.187500000    AVG:  -17.187500000
EPOCH: 280 MAX:  -17.187500000    AVG:  -17.187500000
EPOCH: 281 MAX:  -17.187500000    AVG:  -17.187500000
EPOCH: 282 MAX:  -17.187500000    AVG:  -17.187500000
EPOCH: 283 MAX:  -17.187500000    AVG:  -17.187500000
EPOCH: 284 MAX:  -17.187500000    AVG:  -17.187500000
EPOCH: 285 MAX:  -17.187500000    AVG:  -17.187500000
EPOCH: 286 MAX:  -17.187500000    AVG:  -17.187500000
HELPER:  ....
---------------------------
CH: 0 638.000000000
CH: 1 630.000000000
CH: 2 633.000000000
CH: 3 630.000000000
CH: 4 638.000000000
CH: 5 629.000000000
CH: 6 638.000000000
CH: 7 623.000000000
CH: 8 616.000000000
CH: 9 633.000000000
CH: 10 629.000000000
CH: 11 623.000000000
CH: 12 638.000000000
CH: 13 618.000000000
CH: 14 630.000000000
CH: 15 623.000000000
CH: 16 598.000000000
CH: 17 629.000000000
CH: 18 618.000000000
CH: 19 590.000000000
CH: 20 548.000000000
CH: 21 616.000000000
CH: 22 638.000000000
CH: 23 616.000000000
CH: 24 510.000000000
CH: 25 590.000000000
CH: 26 608.000000000
CH: 27 435.000000000
CH: 28 491.000000000
CH: 29 598.000000000
CH: 30 483.000000000
CH: 31 616.000000000
CH: 32 608.000000000
CH: 33 566.000000000
CH: 34 633.000000000
CH: 35 616.000000000
CH: 36 618.000000000
CH: 37 633.000000000
CH: 38 560.000000000
CH: 39 510.000000000
CH: 40 590.000000000
CH: 41 608.000000000
CH: 42 598.000000000
CH: 43 506.000000000
CH: 44 590.000000000
CH: 45 462.000000000
CH: 46 429.000000000
CH: 47 575.000000000
CH: 48 565.000000000
CH: 49 575.000000000
CH: 50 590.000000000
CH: 51 575.000000000
CH: 52 424.000000000
CH: 53 414.000000000
CH: 54 566.000000000
CH: 55 598.000000000
CH: 56 590.000000000
CH: 57 565.000000000
CH: 58 391.000000000
CH: 59 566.000000000
CH: 60 585.000000000
CH: 61 435.000000000
CH: 62 325.000000000
CH: 63 560.000000000
CH: 64 560.000000000
CH: 65 565.000000000
CH: 66 304.000000000
CH: 67 548.000000000
CH: 68 206.000000000
CH: 69 293.000000000
CH: 70 623.000000000
CH: 71 429.000000000
CH: 72 551.000000000
CH: 73 430.000000000
CH: 74 483.000000000
CH: 75 308.000000000
CH: 76 575.000000000
CH: 77 560.000000000
CH: 78 548.000000000
CH: 79 629.000000000
CH: 80 618.000000000
CH: 81 551.000000000
CH: 82 328.000000000
CH: 83 290.000000000
CH: 84 506.000000000
CH: 85 565.000000000
CH: 86 163.000000000
CH: 87 623.000000000
CH: 88 229.000000000
CH: 89 457.000000000
CH: 90 429.000000000
CH: 91 133.000000000
CH: 92 97.000000000
CH: 93 598.000000000
CH: 94 183.000000000
CH: 95 629.000000000
CH: 96 430.000000000
CH: 97 560.000000000
CH: 98 491.000000000
CH: 99 457.000000000
CH: 100 608.000000000
CH: 101 638.000000000
CH: 102 381.000000000
CH: 103 462.000000000
CH: 104 548.000000000
CH: 105 421.000000000
CH: 106 608.000000000
CH: 107 421.000000000
CH: 108 391.000000000
CH: 109 338.000000000
CH: 110 328.000000000
CH: 111 630.000000000
CH: 112 630.000000000
CH: 113 40.000000000
CH: 114 585.000000000
CH: 115 566.000000000
CH: 116 585.000000000
CH: 117 414.000000000
CH: 118 338.000000000
CH: 119 608.000000000
CH: 120 585.000000000
CH: 121 618.000000000
CH: 122 414.000000000
CH: 123 565.000000000
CH: 124 585.000000000
CH: 125 308.000000000
CH: 126 551.000000000
CH: 127 381.000000000





END ------------------------
ERROR: 0.000000000
NUM OF COLORS USED = 45
